0 0.504883 0.022949 0.076172 0.043945
0 0.455566 0.054199 0.055664 0.057617
0 0.417480 0.083984 0.051758 0.054688
0 0.375977 0.120117 0.054688 0.068359
0 0.596680 0.122559 0.046875 0.057617
0 0.225586 0.137207 0.031250 0.047852
0 0.329102 0.148926 0.048828 0.071289
0 0.525879 0.140625 0.034180 0.035156
0 0.268555 0.205078 0.042969 0.054688
0 0.355469 0.202148 0.044922 0.048828
0 0.395508 0.223633 0.062500 0.080078
0 0.119141 0.245117 0.050781 0.072266
0 0.294922 0.249512 0.050781 0.055664
0 0.426758 0.280273 0.042969 0.048828
0 0.327148 0.293945 0.054688 0.054688
0 0.148926 0.295410 0.043945 0.038086
0 0.034668 0.299316 0.034180 0.043945
0 0.463867 0.320312 0.046875 0.046875
0 0.167969 0.328125 0.048828 0.046875
0 0.358887 0.333008 0.045898 0.056641
0 0.487305 0.369141 0.042969 0.046875
0 0.399902 0.376465 0.045898 0.053711
0 0.084961 0.373047 0.042969 0.042969
0 0.803223 0.383789 0.069336 0.048828
0 0.526367 0.413086 0.060547 0.062500
0 0.416016 0.416016 0.054688 0.052734
0 0.262695 0.445312 0.048828 0.054688
0 0.451172 0.461426 0.074219 0.059570
0 0.565430 0.462891 0.042969 0.058594
0 0.288574 0.474609 0.059570 0.050781
0 0.499512 0.506348 0.051758 0.057617
0 0.595215 0.506836 0.055664 0.056641
0 0.648438 0.577637 0.085938 0.110352
0 0.235840 0.585938 0.061523 0.070312
0 0.072266 0.582520 0.087891 0.053711
0 0.555176 0.601562 0.061523 0.076172
0 0.390625 0.602539 0.052734 0.056641
0 0.272949 0.627441 0.073242 0.047852
0 0.950195 0.629395 0.044922 0.051758
0 0.088867 0.632812 0.089844 0.052734
0 0.840820 0.627930 0.029297 0.027344
0 0.413086 0.644531 0.050781 0.046875
0 0.702148 0.652832 0.050781 0.053711
0 0.595703 0.657227 0.066406 0.058594
0 0.305664 0.667969 0.048828 0.058594
0 0.146484 0.673340 0.052734 0.061523
0 0.447266 0.683594 0.066406 0.066406
0 0.897949 0.681152 0.061523 0.057617
0 0.020020 0.694824 0.040039 0.061523
0 0.103027 0.681152 0.032227 0.032227
0 0.639648 0.699707 0.042969 0.057617
0 0.063965 0.712402 0.032227 0.034180
0 0.486816 0.738281 0.051758 0.060547
0 0.038574 0.746582 0.045898 0.049805
0 0.209961 0.759277 0.052734 0.077148
0 0.684570 0.752441 0.029297 0.041992
0 0.089844 0.749023 0.023438 0.025391
0 0.067383 0.783691 0.052734 0.053711
0 0.233887 0.799805 0.077148 0.046875
0 0.709961 0.800781 0.042969 0.039062
0 0.092285 0.816406 0.043945 0.046875
0 0.627930 0.825684 0.044922 0.053711
0 0.143555 0.828613 0.023438 0.022461
0 0.859863 0.844727 0.055664 0.042969
0 0.126465 0.858887 0.040039 0.043945
0 0.231445 0.854980 0.046875 0.038086
0 0.318848 0.889648 0.057617 0.052734
0 0.237305 0.885254 0.027344 0.032227
0 0.474609 0.886230 0.027344 0.034180
0 0.162109 0.898438 0.048828 0.046875
0 0.513184 0.903320 0.038086 0.044922
0 0.053223 0.943359 0.086914 0.109375
0 0.356445 0.952148 0.062500 0.091797
0 0.715332 0.951172 0.051758 0.066406
0 0.171875 0.958984 0.041016 0.054688
1 0.321777 0.033691 0.059570 0.051758
1 0.195312 0.365723 0.042969 0.045898
1 0.232910 0.403320 0.075195 0.056641
1 0.114258 0.404785 0.046875 0.055664
1 0.163086 0.466797 0.050781 0.052734
1 0.308594 0.509277 0.039062 0.053711
1 0.020508 0.521484 0.039062 0.056641
1 0.210449 0.535156 0.047852 0.052734
1 0.058105 0.539062 0.059570 0.056641
1 0.741699 0.687012 0.047852 0.051758
1 0.833008 0.693359 0.046875 0.056641
1 0.187012 0.705078 0.045898 0.064453
1 0.333008 0.705566 0.062500 0.041992
1 0.790527 0.747559 0.045898 0.063477
1 0.285156 0.847168 0.048828 0.059570
1 0.017090 0.862305 0.034180 0.064453
1 0.229980 0.959473 0.043945 0.051758
1 0.395020 0.980957 0.055664 0.038086
1 0.664062 0.987793 0.035156 0.024414
