0 0.831055 0.192871 0.029297 0.030273
0 0.094238 0.567871 0.038086 0.040039
0 0.133789 0.578613 0.039062 0.038086
0 0.250000 0.609375 0.039062 0.046875
0 0.416504 0.649902 0.040039 0.043945
0 0.020508 0.689941 0.041016 0.043945
0 0.168457 0.695801 0.043945 0.051758
0 0.212891 0.703125 0.037109 0.052734
0 0.016113 0.736328 0.032227 0.041016
0 0.733887 0.753906 0.041992 0.046875
0 0.814941 0.778320 0.038086 0.056641
0 0.513672 0.777344 0.048828 0.041016
0 0.278320 0.791992 0.044922 0.052734
0 0.605469 0.806152 0.050781 0.040039
0 0.892090 0.810547 0.041992 0.048828
0 0.003418 0.817383 0.006836 0.017578
0 0.044922 0.835449 0.041016 0.045898
0 0.004395 0.834473 0.008789 0.014648
0 0.638184 0.851074 0.010742 0.010742
0 0.778320 0.902832 0.019531 0.024414
0 0.943848 0.932617 0.041992 0.052734
0 0.573730 0.927734 0.024414 0.021484
0 0.605469 0.924805 0.019531 0.017578
0 0.505859 0.993164 0.021484 0.013672
0 0.012207 0.995605 0.020508 0.008789
0 0.568848 0.995605 0.012695 0.008789
1 0.523926 0.255859 0.030273 0.027344
1 0.559570 0.265625 0.011719 0.013672
1 0.432129 0.310059 0.016602 0.020508
1 0.036133 0.511230 0.017578 0.020508
1 0.010742 0.546387 0.021484 0.067383
1 0.052246 0.549316 0.040039 0.045898
1 0.213379 0.602051 0.041992 0.051758
1 0.352051 0.600098 0.014648 0.012695
1 0.298340 0.624512 0.038086 0.043945
1 0.048340 0.650391 0.053711 0.046875
1 0.092773 0.659180 0.039062 0.041016
1 0.458984 0.663086 0.042969 0.041016
1 0.494141 0.671875 0.033203 0.041016
1 0.127930 0.677734 0.041016 0.050781
1 0.576172 0.699219 0.044922 0.048828
1 0.618164 0.713867 0.041016 0.048828
1 0.255371 0.711914 0.040039 0.037109
1 0.294434 0.724609 0.043945 0.042969
1 0.654785 0.728027 0.038086 0.041992
1 0.333496 0.734863 0.045898 0.041992
1 0.372559 0.744629 0.043945 0.047852
1 0.457031 0.760254 0.044922 0.041992
1 0.152344 0.765625 0.035156 0.042969
1 0.774414 0.768555 0.041016 0.046875
1 0.194824 0.780762 0.045898 0.041992
1 0.852539 0.793945 0.042969 0.048828
1 0.672852 0.831055 0.048828 0.037109
1 0.977051 0.835938 0.040039 0.044922
1 0.586914 0.851074 0.042969 0.045898
1 0.173828 0.868652 0.050781 0.043945
1 0.767090 0.866699 0.047852 0.040039
1 0.662598 0.869629 0.043945 0.041992
1 0.293457 0.892090 0.041992 0.049805
1 0.567383 0.892090 0.042969 0.045898
1 0.201172 0.897461 0.042969 0.044922
1 0.746094 0.905273 0.037109 0.039062
1 0.860352 0.906738 0.048828 0.041992
1 0.645508 0.909668 0.048828 0.041992
1 0.244629 0.916504 0.047852 0.047852
1 0.543457 0.921875 0.036133 0.042969
1 0.429688 0.925781 0.048828 0.041016
1 0.735840 0.941406 0.043945 0.039062
1 0.628418 0.953125 0.047852 0.042969
1 0.976562 0.960938 0.046875 0.058594
1 0.523438 0.963379 0.046875 0.045898
1 0.420898 0.970215 0.042969 0.040039
1 0.594727 0.979004 0.039062 0.041992
1 0.722656 0.979492 0.042969 0.041016
2 0.177246 0.591309 0.047852 0.047852
2 0.334961 0.630371 0.044922 0.041992
2 0.373535 0.638184 0.032227 0.051758
2 0.538574 0.688477 0.041992 0.039062
2 0.067383 0.741211 0.039062 0.046875
2 0.697266 0.740723 0.046875 0.043945
2 0.112305 0.746094 0.044922 0.048828
2 0.414062 0.747559 0.042969 0.045898
2 0.236328 0.788086 0.042969 0.044922
2 0.498047 0.815430 0.044922 0.037109
2 0.934570 0.826172 0.041016 0.037109
2 0.306152 0.838867 0.047852 0.046875
2 0.105957 0.852539 0.081055 0.050781
2 0.473633 0.854492 0.054688 0.044922
2 0.994629 0.859863 0.010742 0.028320
2 0.821289 0.886230 0.041016 0.051758
2 0.452148 0.890137 0.046875 0.038086
2 0.897949 0.914062 0.041992 0.050781
3 0.065430 0.696777 0.011719 0.008789
3 0.747070 0.836426 0.017578 0.016602
