0 0.980469 0.144531 0.039062 0.046875
0 0.750488 0.205078 0.043945 0.052734
0 0.972656 0.239258 0.035156 0.039062
0 0.929199 0.250488 0.034180 0.045898
0 0.727539 0.252441 0.039062 0.038086
0 0.890625 0.261230 0.037109 0.036133
0 0.833008 0.265137 0.042969 0.038086
0 0.844238 0.303711 0.038086 0.039062
0 0.749512 0.327637 0.045898 0.038086
0 0.767090 0.386719 0.053711 0.076172
0 0.862793 0.384277 0.038086 0.038086
0 0.887207 0.460938 0.032227 0.039062
0 0.796875 0.477051 0.035156 0.034180
0 0.906250 0.541992 0.033203 0.037109
0 0.820312 0.555664 0.037109 0.039062
0 0.829102 0.592773 0.035156 0.035156
0 0.929688 0.626465 0.031250 0.038086
0 0.942871 0.661621 0.043945 0.034180
0 0.846680 0.666504 0.035156 0.040039
0 0.856445 0.707031 0.035156 0.039062
0 0.982422 0.738770 0.035156 0.034180
0 0.889648 0.750977 0.037109 0.052734
0 0.978516 0.785645 0.035156 0.032227
0 0.891602 0.820801 0.044922 0.032227
0 0.984375 0.849609 0.031250 0.031250
0 0.917480 0.909668 0.034180 0.034180
0 0.989746 0.908203 0.020508 0.027344
0 0.925781 0.940430 0.037109 0.035156
0 0.937012 0.971191 0.034180 0.034180
0 0.944336 0.992188 0.027344 0.015625
1 0.944336 0.144043 0.031250 0.051758
1 0.908203 0.161621 0.037109 0.036133
1 0.870117 0.166016 0.039062 0.042969
1 0.736816 0.295410 0.038086 0.045898
1 0.854492 0.340820 0.037109 0.039062
1 0.787109 0.444336 0.037109 0.039062
1 0.896484 0.501953 0.037109 0.042969
1 0.922852 0.587891 0.037109 0.039062
1 0.837891 0.628906 0.039062 0.035156
1 0.985352 0.637695 0.029297 0.042969
1 0.937988 0.754395 0.047852 0.040039
1 0.900879 0.851562 0.043945 0.037109
2 0.830566 0.177246 0.040039 0.043945
2 0.791504 0.179688 0.038086 0.046875
2 0.874512 0.424316 0.038086 0.043945
2 0.805176 0.513184 0.041992 0.040039
2 0.988770 0.879883 0.022461 0.029297
