0 0.351562 0.031250 0.017578 0.031250
0 0.234863 0.082520 0.065430 0.049805
0 0.502441 0.112793 0.045898 0.043945
0 0.222168 0.129395 0.018555 0.026367
0 0.274414 0.297363 0.019531 0.024414
0 0.357910 0.332520 0.026367 0.022461
0 0.244141 0.344238 0.021484 0.036133
0 0.535645 0.507812 0.024414 0.005859
0 0.972168 0.609863 0.055664 0.049805
0 0.609375 0.639160 0.042969 0.038086
0 0.564453 0.645996 0.044922 0.038086
0 0.468750 0.668945 0.046875 0.044922
0 0.701660 0.674805 0.030273 0.042969
0 0.603516 0.669434 0.023438 0.022461
0 0.699707 0.720703 0.038086 0.042969
0 0.527344 0.718750 0.011719 0.013672
0 0.939941 0.740723 0.071289 0.045898
0 0.303223 0.760254 0.053711 0.057617
0 0.937012 0.788574 0.063477 0.047852
0 0.953125 0.844238 0.033203 0.047852
0 0.496582 0.850586 0.038086 0.044922
0 0.613281 0.884277 0.025391 0.038086
0 0.696777 0.902344 0.032227 0.039062
0 0.558594 0.895020 0.023438 0.014648
0 0.212402 0.926758 0.049805 0.048828
0 0.559082 0.915039 0.010742 0.015625
0 0.700195 0.949707 0.042969 0.043945
0 0.332520 0.958984 0.049805 0.042969
0 0.229980 0.965332 0.043945 0.043945
0 0.607422 0.978027 0.029297 0.041992
0 0.433594 0.985840 0.037109 0.028320
0 0.008301 0.987305 0.016602 0.025391
0 0.947266 0.987793 0.037109 0.024414
0 0.248047 0.990234 0.033203 0.019531
0 0.342285 0.990234 0.036133 0.019531
1 0.375488 0.015137 0.041992 0.030273
1 0.494141 0.012207 0.062500 0.024414
1 0.500488 0.051758 0.067383 0.052734
1 0.109863 0.083008 0.073242 0.058594
1 0.130371 0.139648 0.047852 0.052734
1 0.296387 0.148926 0.045898 0.059570
1 0.406738 0.150391 0.045898 0.056641
1 0.354980 0.153809 0.049805 0.059570
1 0.526855 0.136719 0.024414 0.021484
1 0.500977 0.160156 0.037109 0.039062
1 0.147461 0.201172 0.044922 0.048828
1 0.528320 0.255371 0.058594 0.061523
1 0.417969 0.252441 0.050781 0.051758
1 0.147949 0.250977 0.051758 0.044922
1 0.312012 0.266113 0.047852 0.038086
1 0.554199 0.319824 0.073242 0.053711
1 0.443359 0.357422 0.046875 0.042969
1 0.389160 0.371582 0.049805 0.049805
1 0.587402 0.399414 0.053711 0.074219
1 0.254395 0.381836 0.045898 0.033203
1 0.597656 0.475098 0.082031 0.081055
1 0.428711 0.478516 0.041016 0.029297
1 0.122559 0.487305 0.022461 0.023438
1 0.285645 0.521973 0.059570 0.055664
1 0.544434 0.541016 0.036133 0.050781
1 0.442871 0.564941 0.059570 0.040039
1 0.322266 0.615234 0.062500 0.064453
1 0.704102 0.627441 0.041016 0.040039
1 0.163086 0.682129 0.076172 0.098633
1 0.519043 0.657227 0.047852 0.039062
1 0.612793 0.731445 0.032227 0.089844
1 0.447754 0.753418 0.043945 0.041992
1 0.252441 0.798340 0.057617 0.047852
1 0.613281 0.797363 0.023438 0.040039
1 0.348633 0.833008 0.044922 0.048828
1 0.266113 0.839844 0.043945 0.044922
1 0.459473 0.860840 0.038086 0.045898
1 0.698730 0.860352 0.036133 0.044922
1 0.380371 0.888184 0.067383 0.077148
1 0.282227 0.882812 0.044922 0.044922
1 0.191895 0.884766 0.055664 0.044922
1 0.497559 0.932617 0.069336 0.087891
1 0.304199 0.920410 0.043945 0.047852
1 0.609375 0.931152 0.029297 0.047852
1 0.954102 0.943848 0.042969 0.057617
1 0.412598 0.950684 0.041992 0.047852
1 0.692383 0.986816 0.031250 0.026367
1 0.527832 0.989258 0.030273 0.021484
2 0.217285 0.026855 0.067383 0.049805
2 0.240723 0.167480 0.045898 0.045898
2 0.109863 0.186035 0.024414 0.020508
2 0.360840 0.261719 0.049805 0.042969
2 0.244629 0.268066 0.041992 0.043945
2 0.147461 0.335938 0.060547 0.076172
2 0.317383 0.372559 0.060547 0.051758
2 0.159180 0.408691 0.033203 0.061523
2 0.162598 0.463379 0.055664 0.047852
2 0.272461 0.474609 0.046875 0.044922
2 0.825195 0.490234 0.039062 0.060547
2 0.357910 0.498047 0.045898 0.054688
2 0.960449 0.493164 0.032227 0.039062
2 0.918457 0.493164 0.045898 0.035156
2 0.872070 0.494629 0.037109 0.036133
2 0.176758 0.525879 0.039062 0.043945
2 0.496582 0.554199 0.047852 0.049805
2 0.288574 0.578613 0.053711 0.049805
2 0.929688 0.668457 0.050781 0.079102
2 0.419922 0.686523 0.042969 0.044922
2 0.380859 0.706543 0.044922 0.041992
2 0.497070 0.729492 0.048828 0.033203
2 0.708984 0.764160 0.056641 0.041992
2 0.409668 0.766113 0.041992 0.041992
2 0.541016 0.769531 0.042969 0.039062
2 0.332520 0.789551 0.041992 0.045898
2 0.695801 0.812012 0.026367 0.043945
2 0.537598 0.820312 0.038086 0.050781
2 0.608887 0.841797 0.038086 0.042969
2 0.166992 0.847168 0.044922 0.049805
2 0.953613 0.893555 0.043945 0.037109
2 0.311523 0.885742 0.013672 0.009766
