0 0.006348 0.014160 0.012695 0.028320
0 0.471191 0.007812 0.038086 0.015625
0 0.563477 0.004883 0.021484 0.009766
0 0.937500 0.004883 0.029297 0.009766
0 0.991699 0.023438 0.016602 0.044922
0 0.436523 0.089355 0.044922 0.040039
0 0.803223 0.092773 0.038086 0.039062
0 0.519531 0.111328 0.052734 0.068359
0 0.421387 0.124512 0.040039 0.045898
0 0.905273 0.142578 0.037109 0.046875
0 0.408203 0.159180 0.044922 0.044922
0 0.994629 0.146973 0.010742 0.018555
0 0.771484 0.189941 0.009766 0.010742
0 0.895020 0.231934 0.038086 0.041992
0 0.583496 0.265625 0.043945 0.041016
0 0.718262 0.307617 0.036133 0.044922
0 0.692383 0.300293 0.013672 0.012695
0 0.334961 0.322266 0.039062 0.037109
0 0.433105 0.326660 0.047852 0.040039
0 0.552734 0.333984 0.042969 0.039062
0 0.780273 0.342285 0.035156 0.043945
0 0.642090 0.345703 0.045898 0.037109
0 0.312500 0.390625 0.044922 0.044922
0 0.994141 0.457031 0.011719 0.031250
0 0.483887 0.497070 0.051758 0.039062
0 0.573242 0.506348 0.037109 0.038086
0 0.337402 0.559570 0.043945 0.035156
0 0.958008 0.592773 0.013672 0.015625
0 0.928223 0.599609 0.016602 0.013672
0 0.223145 0.621582 0.051758 0.036133
0 0.520996 0.639160 0.034180 0.038086
0 0.390137 0.659180 0.022461 0.021484
0 0.996582 0.665527 0.006836 0.016602
0 0.513184 0.681152 0.040039 0.032227
0 0.179688 0.691895 0.039062 0.038086
0 0.190918 0.738770 0.049805 0.049805
0 0.312988 0.750000 0.028320 0.048828
0 0.276855 0.743652 0.036133 0.028320
0 0.243164 0.754395 0.029297 0.040039
0 0.714844 0.788574 0.011719 0.016602
0 0.228027 0.813965 0.038086 0.053711
0 0.265137 0.825195 0.034180 0.029297
0 0.731445 0.838379 0.037109 0.043945
0 0.689941 0.840332 0.036133 0.034180
0 0.575684 0.840332 0.036133 0.022461
0 0.117188 0.905762 0.041016 0.034180
0 0.370117 0.923340 0.039062 0.043945
0 0.537109 0.919434 0.039062 0.034180
0 0.575684 0.921387 0.036133 0.030273
0 0.686523 0.935547 0.035156 0.044922
0 0.647949 0.951172 0.032227 0.025391
0 0.852539 0.972656 0.039062 0.042969
0 0.937988 0.968262 0.041992 0.034180
0 0.545898 0.982910 0.050781 0.034180
0 0.645996 0.983887 0.036133 0.032227
0 0.918457 0.991211 0.047852 0.017578
1 0.696289 0.010254 0.041016 0.020508
1 0.968262 0.012207 0.040039 0.024414
1 0.457031 0.025391 0.050781 0.037109
1 0.672852 0.029785 0.068359 0.041992
1 0.771973 0.035645 0.051758 0.041992
1 0.829102 0.034668 0.044922 0.040039
1 0.538574 0.056641 0.034180 0.041016
1 0.582520 0.046875 0.014648 0.019531
1 0.445801 0.059570 0.045898 0.039062
1 0.895508 0.059570 0.041016 0.033203
1 0.754395 0.072266 0.053711 0.052734
1 0.923340 0.080078 0.038086 0.046875
1 0.651367 0.100098 0.037109 0.041992
1 0.838379 0.112305 0.040039 0.031250
1 0.985352 0.115723 0.029297 0.030273
1 0.872559 0.127441 0.036133 0.038086
1 0.638672 0.130859 0.046875 0.037109
1 0.952637 0.163086 0.065430 0.060547
1 0.771484 0.159668 0.044922 0.040039
1 0.499512 0.161133 0.041992 0.033203
1 0.714355 0.175781 0.045898 0.037109
1 0.389648 0.192383 0.050781 0.039062
1 0.607910 0.199707 0.043945 0.041992
1 0.991699 0.197266 0.016602 0.033203
1 0.862305 0.216797 0.039062 0.048828
1 0.707031 0.209473 0.050781 0.020508
1 0.358398 0.258789 0.085938 0.105469
1 0.742676 0.228516 0.038086 0.046875
1 0.599609 0.234375 0.035156 0.042969
1 0.924805 0.250488 0.035156 0.047852
1 0.780762 0.250488 0.038086 0.038086
1 0.814453 0.264160 0.037109 0.041992
1 0.460938 0.264160 0.046875 0.036133
1 0.672852 0.275879 0.041016 0.040039
1 0.984375 0.286133 0.031250 0.042969
1 0.879395 0.295410 0.043945 0.045898
1 0.567383 0.294922 0.046875 0.035156
1 0.916504 0.288086 0.020508 0.013672
1 0.657227 0.310059 0.042969 0.034180
1 0.910156 0.313477 0.039062 0.041016
1 0.940918 0.336426 0.040039 0.040039
1 0.416992 0.354492 0.029297 0.035156
1 0.817871 0.361328 0.043945 0.048828
1 0.544434 0.365234 0.040039 0.041016
1 0.629883 0.375488 0.035156 0.038086
1 0.844727 0.379395 0.037109 0.038086
1 0.405762 0.390625 0.034180 0.042969
1 0.877441 0.393555 0.043945 0.046875
1 0.523438 0.396484 0.041016 0.041016
1 0.907715 0.410156 0.040039 0.042969
1 0.617676 0.411133 0.045898 0.039062
1 0.301758 0.426270 0.037109 0.041992
1 0.942383 0.423828 0.035156 0.039062
1 0.515137 0.432617 0.032227 0.041016
1 0.604004 0.439453 0.041992 0.041016
1 0.285156 0.458984 0.037109 0.039062
1 0.373535 0.492188 0.075195 0.101562
1 0.591309 0.478027 0.047852 0.036133
1 0.264160 0.483398 0.061523 0.044922
1 0.253906 0.520508 0.033203 0.039062
1 0.477539 0.531250 0.054688 0.042969
1 0.559082 0.538574 0.028320 0.040039
1 0.791992 0.648926 0.185547 0.254883
1 0.463379 0.566406 0.034180 0.039062
1 0.545898 0.572266 0.025391 0.037109
1 0.322754 0.584961 0.036133 0.037109
1 0.536133 0.608398 0.041016 0.035156
1 0.313965 0.620605 0.043945 0.040039
1 0.345703 0.625000 0.017578 0.015625
1 0.189453 0.650879 0.050781 0.038086
1 0.429688 0.758301 0.031250 0.047852
1 0.535645 0.752441 0.018555 0.018555
1 0.034668 0.809082 0.038086 0.040039
1 0.007324 0.812500 0.014648 0.041016
1 0.111816 0.812988 0.036133 0.038086
1 0.070312 0.814453 0.031250 0.037109
1 0.150879 0.816895 0.032227 0.038086
1 0.307617 0.824219 0.041016 0.044922
1 0.348145 0.823730 0.038086 0.034180
1 0.499512 0.829590 0.030273 0.040039
1 0.537109 0.833008 0.041016 0.041016
1 0.612793 0.836426 0.034180 0.032227
1 0.651855 0.838867 0.036133 0.035156
1 0.770020 0.844238 0.034180 0.032227
1 0.007812 0.906738 0.015625 0.034180
1 0.036621 0.911133 0.038086 0.042969
1 0.078125 0.906250 0.037109 0.031250
1 0.158691 0.914062 0.040039 0.039062
1 0.200195 0.916504 0.035156 0.043945
1 0.242676 0.911133 0.034180 0.029297
1 0.287109 0.912598 0.041016 0.032227
1 0.326660 0.916016 0.036133 0.039062
1 0.412109 0.916504 0.037109 0.034180
1 0.497559 0.920410 0.036133 0.034180
1 0.648926 0.923828 0.032227 0.029297
1 0.724609 0.927734 0.033203 0.035156
1 0.949707 0.937988 0.040039 0.041992
1 0.468750 0.981445 0.031250 0.037109
1 0.734375 0.983887 0.066406 0.032227
2 0.592773 0.019043 0.011719 0.016602
2 0.553711 0.031250 0.044922 0.035156
2 0.862793 0.046875 0.038086 0.046875
2 0.660645 0.067383 0.047852 0.041016
2 0.571289 0.079102 0.015625 0.023438
2 0.957031 0.097168 0.042969 0.040039
2 0.733398 0.138672 0.054688 0.042969
2 0.625000 0.164551 0.042969 0.036133
2 0.820312 0.190918 0.070312 0.055664
2 0.490723 0.192383 0.043945 0.041016
2 0.472168 0.227051 0.047852 0.040039
2 0.957031 0.266602 0.033203 0.044922
2 0.842285 0.280273 0.038086 0.039062
2 0.448242 0.290039 0.037109 0.041016
2 0.753418 0.323242 0.041992 0.041016
2 0.977539 0.349609 0.037109 0.039062
2 0.319336 0.357422 0.039062 0.044922
2 0.387207 0.421875 0.030273 0.042969
2 0.972656 0.438965 0.037109 0.045898
2 0.497559 0.462402 0.049805 0.041992
2 0.240234 0.574707 0.048828 0.075195
2 0.451172 0.593750 0.029297 0.033203
2 0.434082 0.630859 0.043945 0.037109
2 0.295898 0.657715 0.041016 0.041992
2 0.423828 0.673828 0.042969 0.037109
2 0.391602 0.748535 0.031250 0.038086
2 0.353516 0.746094 0.039062 0.029297
2 0.644531 0.772949 0.117188 0.049805
2 0.427734 0.823242 0.035156 0.046875
2 0.811523 0.832520 0.044922 0.065430
2 0.189453 0.823242 0.037109 0.035156
2 0.388184 0.827637 0.038086 0.036133
2 0.916016 0.844238 0.042969 0.045898
2 0.956055 0.850098 0.042969 0.040039
2 0.987793 0.863770 0.024414 0.038086
2 0.877441 0.933594 0.055664 0.046875
2 0.767090 0.931152 0.036133 0.038086
2 0.365723 0.981934 0.045898 0.036133
2 0.835449 0.993164 0.045898 0.013672
