0 0.052246 0.016113 0.036133 0.032227
0 0.141602 0.032227 0.052734 0.064453
0 0.223145 0.021484 0.034180 0.035156
0 0.863770 0.023926 0.034180 0.030273
0 0.930664 0.046387 0.056641 0.038086
0 0.250977 0.056641 0.058594 0.054688
0 0.063965 0.048340 0.026367 0.030273
0 0.782227 0.057617 0.031250 0.037109
0 0.892090 0.078613 0.057617 0.073242
0 0.158203 0.084473 0.031250 0.041992
0 0.074707 0.083984 0.028320 0.033203
0 0.789551 0.092285 0.034180 0.038086
0 0.953613 0.112793 0.032227 0.040039
0 0.090332 0.115723 0.030273 0.032227
0 0.263672 0.121094 0.048828 0.041016
0 0.797363 0.126953 0.034180 0.039062
0 0.171387 0.134277 0.036133 0.041992
0 0.900391 0.133301 0.044922 0.040039
0 0.960938 0.146973 0.042969 0.038086
0 0.107422 0.155762 0.050781 0.047852
0 0.275391 0.156250 0.029297 0.037109
0 0.808594 0.161133 0.033203 0.039062
0 0.907227 0.167969 0.041016 0.033203
0 0.038086 0.182129 0.033203 0.047852
0 0.978027 0.183594 0.036133 0.037109
0 0.825195 0.195312 0.033203 0.035156
0 0.123535 0.193848 0.040039 0.028320
0 0.214355 0.213867 0.030273 0.035156
0 0.987305 0.215332 0.025391 0.032227
0 0.312012 0.248047 0.047852 0.050781
0 0.219727 0.253906 0.044922 0.042969
0 0.841309 0.263184 0.034180 0.032227
0 0.934570 0.270996 0.044922 0.043945
0 0.045410 0.275879 0.051758 0.049805
0 0.154785 0.289551 0.040039 0.053711
0 0.232422 0.287109 0.046875 0.042969
0 0.851074 0.295410 0.036133 0.030273
0 0.515137 0.313477 0.034180 0.037109
0 0.471191 0.329590 0.045898 0.041992
0 0.572754 0.333984 0.038086 0.042969
0 0.959473 0.332520 0.041992 0.032227
0 0.863770 0.338379 0.032227 0.028320
0 0.263184 0.351562 0.040039 0.039062
0 0.348145 0.355957 0.038086 0.036133
0 0.021973 0.362305 0.043945 0.044922
0 0.577148 0.373047 0.035156 0.039062
0 0.360352 0.392090 0.029297 0.038086
0 0.270508 0.410156 0.064453 0.048828
0 0.975098 0.406250 0.036133 0.041016
0 0.101562 0.423828 0.062500 0.056641
0 0.467285 0.420898 0.041992 0.039062
0 0.567383 0.419922 0.037109 0.039062
0 0.047363 0.436035 0.057617 0.045898
0 0.983887 0.440430 0.032227 0.039062
0 0.887695 0.438965 0.052734 0.032227
0 0.214355 0.450684 0.036133 0.036133
0 0.480469 0.453613 0.041016 0.038086
0 0.307129 0.456055 0.030273 0.037109
0 0.387207 0.464844 0.030273 0.035156
0 0.230957 0.483398 0.040039 0.046875
0 0.989746 0.474609 0.020508 0.029297
0 0.034668 0.480957 0.026367 0.024414
0 0.497070 0.490234 0.041016 0.041016
0 0.137207 0.524902 0.059570 0.077148
0 0.913086 0.507324 0.039062 0.034180
0 0.611816 0.525391 0.041992 0.044922
0 0.512207 0.526855 0.038086 0.040039
0 0.326660 0.528809 0.047852 0.040039
0 0.922363 0.559570 0.053711 0.072266
0 0.255371 0.558594 0.040039 0.046875
0 0.520020 0.564941 0.038086 0.040039
0 0.625000 0.564453 0.046875 0.039062
0 0.016113 0.586426 0.032227 0.069336
0 0.436035 0.588379 0.034180 0.032227
0 0.537598 0.602539 0.041992 0.039062
0 0.364258 0.612793 0.027344 0.038086
0 0.944336 0.611328 0.031250 0.035156
0 0.458008 0.617676 0.039062 0.036133
0 0.554199 0.636230 0.038086 0.040039
0 0.651367 0.639160 0.037109 0.043945
0 0.291016 0.641602 0.035156 0.044922
0 0.375000 0.646484 0.037109 0.041016
0 0.029297 0.652344 0.044922 0.048828
0 0.770508 0.651855 0.039062 0.040039
0 0.460938 0.652832 0.029297 0.032227
0 0.198730 0.680176 0.045898 0.061523
0 0.661133 0.676758 0.039062 0.039062
0 0.311523 0.686523 0.046875 0.056641
0 0.393066 0.713379 0.047852 0.043945
0 0.507812 0.737305 0.058594 0.062500
0 0.794922 0.727539 0.037109 0.037109
0 0.410645 0.742188 0.040039 0.033203
0 0.596680 0.743652 0.035156 0.038086
0 0.688477 0.748535 0.041016 0.038086
0 0.345215 0.770996 0.049805 0.040039
0 0.605469 0.778320 0.041016 0.031250
0 0.708496 0.784668 0.038086 0.040039
0 0.515625 0.786133 0.039062 0.037109
0 0.131836 0.846680 0.087891 0.123047
0 0.363281 0.822266 0.031250 0.064453
0 0.715332 0.820312 0.041992 0.039062
0 0.212402 0.835938 0.024414 0.019531
0 0.456543 0.849609 0.034180 0.037109
0 0.270020 0.862793 0.041992 0.061523
0 0.733887 0.855957 0.036133 0.043945
0 0.540039 0.854004 0.035156 0.028320
0 0.376465 0.878906 0.034180 0.042969
0 0.458496 0.888672 0.055664 0.042969
0 0.649414 0.888184 0.039062 0.040039
0 0.743652 0.892578 0.038086 0.041016
0 0.562500 0.916016 0.029297 0.029297
0 0.290039 0.934570 0.058594 0.062500
0 0.169434 0.937988 0.053711 0.063477
0 0.661133 0.925781 0.039062 0.039062
0 0.476562 0.938477 0.031250 0.027344
0 0.580078 0.948242 0.046875 0.041016
0 0.049316 0.971191 0.098633 0.057617
0 0.421387 0.972168 0.051758 0.030273
0 0.592285 0.977051 0.040039 0.038086
0 0.499512 0.982422 0.045898 0.035156
0 0.423828 0.991211 0.039062 0.017578
0 0.211426 0.993652 0.024414 0.012695
1 0.927246 0.014648 0.040039 0.029297
1 0.781250 0.026367 0.042969 0.035156
1 0.949219 0.081543 0.031250 0.030273
1 0.199219 0.183105 0.041016 0.043945
1 0.293457 0.190430 0.036133 0.044922
1 0.831543 0.229492 0.030273 0.039062
1 0.925293 0.235352 0.059570 0.037109
1 0.950195 0.301758 0.037109 0.041016
1 0.334961 0.321777 0.037109 0.032227
1 0.207031 0.395020 0.050781 0.067383
1 0.880371 0.397461 0.038086 0.027344
1 0.378906 0.425293 0.042969 0.040039
1 0.580078 0.455078 0.035156 0.042969
1 0.894531 0.473145 0.035156 0.045898
1 0.415039 0.537598 0.029297 0.034180
1 0.346680 0.568848 0.035156 0.043945
1 0.564453 0.670410 0.041016 0.030273
1 0.581543 0.707520 0.038086 0.040039
1 0.676758 0.712891 0.039062 0.042969
1 0.227539 0.740234 0.041016 0.046875
1 0.526855 0.819824 0.038086 0.034180
2 0.919922 0.198730 0.039062 0.038086
2 0.038086 0.315430 0.023438 0.029297
2 0.071289 0.329102 0.050781 0.056641
2 0.866211 0.369141 0.033203 0.035156
2 0.966797 0.371094 0.039062 0.037109
2 0.477051 0.687500 0.036133 0.037109
2 0.430664 0.783691 0.031250 0.036133
2 0.219727 0.794922 0.019531 0.021484
