0 0.655273 0.021484 0.039062 0.042969
0 0.990723 0.011719 0.018555 0.023438
0 0.646484 0.052734 0.019531 0.017578
0 0.775879 0.091797 0.041992 0.042969
0 0.334473 0.130859 0.034180 0.105469
0 0.019531 0.127930 0.039062 0.050781
0 0.761230 0.135742 0.049805 0.044922
0 0.947754 0.140625 0.040039 0.046875
0 0.641113 0.151367 0.038086 0.042969
0 0.742676 0.280762 0.045898 0.038086
0 0.662598 0.383789 0.051758 0.041016
0 0.209473 0.415039 0.049805 0.039062
0 0.844238 0.422363 0.051758 0.041992
0 0.595703 0.467773 0.068359 0.089844
0 0.865723 0.457520 0.014648 0.016602
0 0.681152 0.475098 0.049805 0.041992
0 0.708984 0.559082 0.042969 0.038086
0 0.654297 0.646973 0.035156 0.043945
0 0.004395 0.643066 0.008789 0.026367
0 0.168457 0.689941 0.038086 0.038086
0 0.128418 0.700684 0.040039 0.038086
0 0.093750 0.712402 0.041016 0.040039
0 0.993164 0.722656 0.013672 0.031250
0 0.283203 0.749023 0.042969 0.031250
0 0.686523 0.800781 0.066406 0.115234
0 0.434082 0.826172 0.112305 0.085938
0 0.302246 0.808105 0.041992 0.036133
0 0.216797 0.820312 0.035156 0.035156
0 0.021973 0.880859 0.014648 0.017578
0 0.750977 0.885254 0.015625 0.014648
0 0.338379 0.981445 0.036133 0.029297
0 0.804199 0.989258 0.045898 0.021484
1 0.904785 0.016602 0.051758 0.033203
1 0.771973 0.041504 0.045898 0.047852
1 0.917969 0.056152 0.050781 0.043945
1 0.672852 0.064453 0.035156 0.041016
1 0.572754 0.079590 0.040039 0.069336
1 0.931152 0.100586 0.055664 0.044922
1 0.660156 0.113770 0.052734 0.041992
1 0.054688 0.118164 0.033203 0.042969
1 0.276855 0.145996 0.047852 0.069336
1 0.743652 0.183594 0.041992 0.046875
1 0.962891 0.183594 0.044922 0.039062
1 0.156738 0.192871 0.038086 0.038086
1 0.550781 0.203125 0.048828 0.050781
1 0.625000 0.201172 0.052734 0.042969
1 0.061035 0.208008 0.047852 0.041016
1 0.978027 0.249023 0.043945 0.087891
1 0.164062 0.229004 0.044922 0.038086
1 0.736816 0.231934 0.047852 0.041992
1 0.634766 0.252930 0.052734 0.042969
1 0.564453 0.268066 0.044922 0.057617
1 0.323730 0.280762 0.049805 0.061523
1 0.644043 0.299805 0.045898 0.046875
1 0.815430 0.304688 0.037109 0.048828
1 0.868652 0.315918 0.047852 0.034180
1 0.758301 0.319336 0.057617 0.037109
1 0.581543 0.346680 0.051758 0.066406
1 0.086426 0.334961 0.049805 0.037109
1 0.654785 0.343262 0.047852 0.045898
1 0.199219 0.381348 0.044922 0.040039
1 0.771973 0.410645 0.043945 0.040039
1 0.670410 0.429688 0.047852 0.046875
1 0.392578 0.513672 0.076172 0.187500
1 0.777832 0.446777 0.034180 0.038086
1 0.113770 0.450195 0.049805 0.039062
1 0.127930 0.491211 0.042969 0.039062
1 0.222168 0.493652 0.034180 0.036133
1 0.789551 0.495605 0.034180 0.038086
1 0.701660 0.515625 0.036133 0.039062
1 0.979980 0.534180 0.036133 0.046875
1 0.244629 0.570801 0.041992 0.038086
1 0.148926 0.571289 0.030273 0.033203
1 0.809570 0.584473 0.039062 0.041992
1 0.101562 0.606934 0.037109 0.047852
1 0.713379 0.604004 0.040039 0.041992
1 0.152832 0.606445 0.038086 0.035156
1 0.063477 0.616211 0.037109 0.048828
1 0.254883 0.614746 0.041016 0.030273
1 0.024902 0.627930 0.036133 0.044922
1 0.724121 0.644043 0.043945 0.040039
1 0.826660 0.667969 0.041992 0.039062
1 0.735352 0.688477 0.046875 0.041016
1 0.665039 0.706543 0.048828 0.043945
1 0.033691 0.724609 0.038086 0.037109
1 0.273926 0.721191 0.040039 0.032227
1 0.738281 0.736328 0.056641 0.054688
1 0.850586 0.757812 0.041016 0.046875
1 0.975098 0.768066 0.043945 0.051758
1 0.032227 0.771973 0.029297 0.034180
1 0.754395 0.778320 0.049805 0.042969
1 0.292480 0.778809 0.040039 0.030273
1 0.859863 0.800781 0.045898 0.039062
1 0.140625 0.812988 0.039062 0.036133
1 0.770508 0.819336 0.041016 0.039062
1 0.044434 0.835938 0.026367 0.029297
1 0.304199 0.838867 0.034180 0.031250
1 0.151855 0.855957 0.049805 0.061523
1 0.775391 0.862305 0.050781 0.044922
1 0.312988 0.866699 0.041992 0.028320
1 0.879883 0.891602 0.048828 0.041016
1 0.718750 0.930664 0.062500 0.115234
1 0.164062 0.899414 0.044922 0.035156
1 0.786133 0.905762 0.042969 0.038086
1 0.327637 0.925781 0.036133 0.033203
1 0.885742 0.931641 0.054688 0.042969
1 0.240723 0.940430 0.043945 0.037109
1 0.331055 0.953613 0.035156 0.034180
1 0.177734 0.955566 0.044922 0.036133
1 0.247070 0.966797 0.039062 0.033203
1 0.896484 0.976562 0.054688 0.046875
1 0.190918 0.982422 0.049805 0.035156
1 0.074219 0.980469 0.023438 0.027344
1 0.104492 0.995117 0.033203 0.009766
2 0.141602 0.115234 0.039062 0.037109
2 0.151367 0.153809 0.041016 0.043945
2 0.018555 0.230469 0.037109 0.041016
2 0.073242 0.247559 0.042969 0.040039
2 0.173340 0.268555 0.040039 0.037109
2 0.079590 0.284668 0.041992 0.038086
2 0.189453 0.306641 0.046875 0.037109
2 0.905273 0.341309 0.044922 0.049805
2 0.189941 0.344238 0.038086 0.041992
2 0.094238 0.375488 0.057617 0.040039
2 0.104492 0.412598 0.048828 0.034180
2 0.213867 0.456543 0.041016 0.038086
2 0.913086 0.519531 0.050781 0.044922
2 0.233398 0.528809 0.037109 0.038086
2 0.132812 0.533691 0.048828 0.040039
2 0.797852 0.539551 0.037109 0.047852
2 0.638184 0.590820 0.053711 0.054688
2 0.820801 0.623047 0.045898 0.044922
2 0.245117 0.656738 0.041016 0.041992
2 0.205078 0.687012 0.041016 0.038086
2 0.837891 0.711426 0.042969 0.040039
2 0.185059 0.732910 0.041992 0.036133
2 0.199219 0.793945 0.046875 0.037109
2 0.868164 0.847656 0.046875 0.041016
2 0.226074 0.880371 0.057617 0.096680
2 0.059570 0.888672 0.054688 0.042969
2 0.317383 0.897461 0.033203 0.033203
2 0.078125 0.937500 0.060547 0.060547
2 0.169922 0.930176 0.042969 0.032227
2 0.796387 0.959473 0.047852 0.040039
2 0.254395 0.991699 0.038086 0.016602
3 0.244141 0.705078 0.011719 0.009766
