0 0.553223 0.014160 0.077148 0.028320
0 0.024902 0.077148 0.018555 0.023438
0 0.062500 0.115234 0.054688 0.066406
0 0.257812 0.146973 0.058594 0.055664
0 0.300293 0.131348 0.022461 0.022461
0 0.006836 0.137695 0.013672 0.031250
0 0.098633 0.153320 0.054688 0.044922
0 0.067871 0.167969 0.024414 0.021484
0 0.025879 0.210449 0.051758 0.063477
0 0.221191 0.246094 0.045898 0.052734
0 0.586426 0.243652 0.043945 0.038086
0 0.922852 0.264648 0.117188 0.064453
0 0.273438 0.266113 0.031250 0.034180
0 0.307129 0.288086 0.051758 0.048828
0 0.247559 0.278320 0.022461 0.025391
0 0.785645 0.299805 0.038086 0.039062
0 0.646484 0.345215 0.044922 0.045898
0 0.048828 0.431152 0.048828 0.051758
0 0.788574 0.437012 0.030273 0.041992
0 0.652832 0.447754 0.034180 0.043945
0 0.701172 0.467285 0.033203 0.030273
0 0.644043 0.492676 0.030273 0.030273
0 0.812012 0.528320 0.036133 0.050781
0 0.160645 0.518066 0.018555 0.014648
0 0.934082 0.535645 0.041992 0.018555
0 0.891602 0.536621 0.023438 0.018555
0 0.772949 0.565918 0.018555 0.016602
0 0.917480 0.674805 0.040039 0.066406
0 0.990723 0.671875 0.018555 0.039062
0 0.572266 0.671875 0.009766 0.009766
0 0.677246 0.714844 0.028320 0.039062
0 0.972656 0.726074 0.009766 0.012695
0 0.015625 0.774902 0.031250 0.040039
0 0.730957 0.774414 0.038086 0.041016
0 0.687012 0.781738 0.053711 0.032227
0 0.809082 0.774414 0.018555 0.017578
0 0.985840 0.833984 0.008789 0.011719
0 0.112793 0.851562 0.041992 0.035156
0 0.379395 0.849609 0.020508 0.027344
0 0.264160 0.868652 0.038086 0.040039
0 0.146973 0.866699 0.028320 0.032227
0 0.545410 0.907227 0.038086 0.048828
0 0.444824 0.909180 0.053711 0.044922
0 0.801270 0.906738 0.036133 0.028320
0 0.080078 0.917480 0.041016 0.036133
0 0.759277 0.919922 0.036133 0.039062
0 0.280273 0.922363 0.041016 0.038086
0 0.678711 0.936523 0.039062 0.035156
0 0.118164 0.935547 0.033203 0.027344
0 0.910156 0.971191 0.033203 0.057617
0 0.200195 0.958496 0.029297 0.030273
0 0.422363 0.974609 0.032227 0.050781
0 0.243164 0.981445 0.042969 0.037109
0 0.548340 0.991699 0.043945 0.016602
0 0.331055 0.995605 0.019531 0.008789
0 0.642090 0.996582 0.018555 0.006836
0 0.784180 0.996582 0.025391 0.006836
1 0.038574 0.020020 0.057617 0.040039
1 0.137695 0.014160 0.037109 0.028320
1 0.195801 0.013184 0.051758 0.026367
1 0.056641 0.056152 0.044922 0.045898
1 0.412109 0.072266 0.046875 0.054688
1 0.318359 0.072754 0.066406 0.049805
1 0.519531 0.071289 0.062500 0.048828
1 0.849609 0.108398 0.095703 0.093750
1 0.289551 0.102051 0.045898 0.040039
1 0.811035 0.172852 0.092773 0.093750
1 0.362793 0.188477 0.041992 0.039062
1 0.415039 0.202148 0.041016 0.066406
1 0.185547 0.219238 0.044922 0.045898
1 0.694336 0.234863 0.037109 0.045898
1 0.433594 0.259277 0.041016 0.049805
1 0.615234 0.274414 0.044922 0.035156
1 0.713867 0.274414 0.031250 0.029297
1 0.406250 0.306152 0.054688 0.045898
1 0.724121 0.299805 0.032227 0.029297
1 0.348633 0.306641 0.037109 0.039062
1 0.642090 0.306152 0.038086 0.032227
1 0.901367 0.336426 0.115234 0.065430
1 0.127441 0.349121 0.063477 0.077148
1 0.744629 0.387207 0.038086 0.040039
1 0.784180 0.389648 0.039062 0.041016
1 0.703613 0.397949 0.045898 0.041992
1 0.949219 0.413086 0.068359 0.041016
1 0.992188 0.408691 0.015625 0.026367
1 0.862305 0.433594 0.035156 0.039062
1 0.898926 0.429199 0.038086 0.030273
1 0.750488 0.477051 0.038086 0.053711
1 0.166992 0.487793 0.031250 0.043945
1 0.982910 0.488770 0.034180 0.028320
1 0.949707 0.500000 0.038086 0.031250
1 0.913574 0.503418 0.032227 0.026367
1 0.878418 0.515625 0.036133 0.037109
1 0.764160 0.523438 0.049805 0.046875
1 0.728516 0.562012 0.042969 0.045898
1 0.561035 0.560059 0.030273 0.034180
1 0.681152 0.568359 0.038086 0.044922
1 0.646484 0.572266 0.027344 0.029297
1 0.992188 0.574219 0.015625 0.031250
1 0.899414 0.589355 0.035156 0.034180
1 0.575195 0.602051 0.037109 0.030273
1 0.739258 0.613770 0.033203 0.038086
1 0.698730 0.628418 0.036133 0.041992
1 0.661133 0.639160 0.035156 0.041992
1 0.986328 0.636719 0.027344 0.033203
1 0.580566 0.642090 0.043945 0.034180
1 0.791504 0.676270 0.038086 0.043945
1 0.845215 0.686035 0.036133 0.061523
1 0.597168 0.685059 0.028320 0.043945
1 0.954590 0.681641 0.022461 0.037109
1 0.767090 0.711426 0.040039 0.041992
1 0.291992 0.711426 0.033203 0.040039
1 0.931641 0.746094 0.031250 0.070312
1 0.227051 0.741211 0.036133 0.044922
1 0.308594 0.745117 0.023438 0.025391
1 0.773926 0.753906 0.036133 0.039062
1 0.197266 0.768066 0.039062 0.038086
1 0.605469 0.769043 0.035156 0.034180
1 0.247559 0.777344 0.028320 0.029297
1 0.592285 0.826660 0.045898 0.083008
1 0.825684 0.815918 0.036133 0.041992
1 0.658203 0.865234 0.033203 0.052734
1 0.794434 0.854004 0.038086 0.026367
1 0.707520 0.861328 0.034180 0.037109
1 0.304688 0.857910 0.025391 0.026367
1 0.747070 0.865723 0.033203 0.038086
1 0.572266 0.875488 0.042969 0.047852
1 0.893555 0.886719 0.027344 0.031250
1 0.310547 0.896484 0.029297 0.041016
1 0.387207 0.893555 0.030273 0.037109
1 0.976074 0.915039 0.047852 0.074219
1 0.242676 0.899902 0.030273 0.028320
1 0.846680 0.922363 0.042969 0.036133
1 0.401367 0.932617 0.039062 0.039062
1 0.719727 0.936523 0.033203 0.037109
1 0.347656 0.952148 0.046875 0.029297
1 0.863281 0.958008 0.041016 0.041016
1 0.983887 0.977051 0.032227 0.045898
1 0.588379 0.982422 0.040039 0.035156
1 0.743164 0.996582 0.025391 0.006836
2 0.348145 0.036133 0.063477 0.054688
2 0.158691 0.061523 0.051758 0.046875
2 0.461426 0.098145 0.055664 0.045898
2 0.676270 0.190430 0.022461 0.044922
2 0.595215 0.193848 0.030273 0.041992
2 0.272949 0.400391 0.069336 0.068359
2 0.669922 0.418945 0.027344 0.035156
2 0.555664 0.465820 0.025391 0.039062
2 0.051270 0.506348 0.081055 0.073242
2 0.248535 0.522949 0.088867 0.104492
2 0.553711 0.517090 0.039062 0.038086
2 0.968262 0.546875 0.026367 0.027344
2 0.950195 0.580078 0.056641 0.042969
2 0.828125 0.600586 0.027344 0.035156
2 0.717285 0.716797 0.038086 0.042969
2 0.604004 0.726562 0.038086 0.025391
2 0.863281 0.748047 0.044922 0.046875
2 0.949219 0.794922 0.039062 0.033203
2 0.220215 0.793945 0.030273 0.029297
2 0.145020 0.816895 0.040039 0.040039
2 0.877441 0.831543 0.032227 0.040039
2 0.946777 0.829590 0.034180 0.030273
2 0.167969 0.843750 0.029297 0.031250
2 0.961914 0.864746 0.035156 0.036133
2 0.722656 0.887695 0.011719 0.009766
2 0.635742 0.925293 0.033203 0.032227
2 0.528809 0.933594 0.032227 0.044922
2 0.470215 0.950195 0.053711 0.042969
2 0.306152 0.975098 0.036133 0.049805
2 0.371582 0.986816 0.047852 0.026367
2 0.829102 0.991699 0.035156 0.016602
