0 0.729980 0.003418 0.020508 0.006836
0 0.049805 0.035645 0.044922 0.055664
0 0.593262 0.037598 0.040039 0.047852
0 0.546875 0.042480 0.009766 0.010742
0 0.517578 0.061035 0.044922 0.038086
0 0.687988 0.069336 0.051758 0.042969
0 0.861816 0.089355 0.051758 0.049805
0 0.522461 0.099121 0.041016 0.038086
0 0.424316 0.102051 0.047852 0.038086
0 0.547363 0.093262 0.010742 0.014648
0 0.522461 0.141113 0.039062 0.041992
0 0.258789 0.145996 0.052734 0.045898
0 0.424805 0.144043 0.044922 0.038086
0 0.931641 0.160645 0.048828 0.041992
0 0.204590 0.166992 0.047852 0.050781
0 0.757324 0.195312 0.051758 0.046875
0 0.714844 0.219238 0.041016 0.043945
0 0.666992 0.225586 0.037109 0.041016
0 0.865723 0.227051 0.041992 0.043945
0 0.870117 0.312988 0.041016 0.051758
0 0.064453 0.317383 0.037109 0.039062
0 0.511230 0.318359 0.032227 0.041016
0 0.595215 0.317383 0.034180 0.037109
0 0.994141 0.329102 0.011719 0.029297
0 0.161621 0.336426 0.045898 0.040039
0 0.977539 0.358398 0.037109 0.042969
0 0.701660 0.355957 0.026367 0.020508
0 0.941895 0.382812 0.047852 0.044922
0 0.158203 0.383789 0.041016 0.041016
0 0.608887 0.399414 0.040039 0.044922
0 0.059082 0.399414 0.041992 0.039062
0 0.739746 0.413086 0.038086 0.042969
0 0.658691 0.416504 0.036133 0.040039
0 0.699707 0.417480 0.030273 0.034180
0 0.361816 0.432617 0.040039 0.050781
0 0.165527 0.427734 0.040039 0.037109
0 0.563965 0.436035 0.047852 0.049805
0 0.013672 0.458496 0.027344 0.043945
0 0.988281 0.459473 0.023438 0.041992
0 0.376953 0.492188 0.048828 0.056641
0 0.897461 0.494629 0.056641 0.047852
0 0.572754 0.502930 0.041992 0.048828
0 0.776367 0.509766 0.042969 0.046875
0 0.281250 0.517090 0.037109 0.038086
0 0.177734 0.519043 0.042969 0.036133
0 0.627930 0.525879 0.033203 0.043945
0 0.081055 0.530273 0.048828 0.035156
0 0.020996 0.560547 0.041992 0.062500
0 0.573730 0.656738 0.018555 0.032227
0 0.803223 0.676758 0.043945 0.048828
0 0.268066 0.697266 0.049805 0.066406
0 0.420410 0.692383 0.038086 0.050781
0 0.606934 0.693848 0.040039 0.043945
0 0.763672 0.785156 0.046875 0.052734
0 0.958984 0.782715 0.050781 0.043945
0 0.667969 0.793457 0.046875 0.051758
0 0.618164 0.794922 0.039062 0.050781
0 0.018066 0.813965 0.036133 0.053711
0 0.922363 0.847656 0.057617 0.041016
0 0.945312 0.944336 0.044922 0.046875
0 0.844727 0.988770 0.037109 0.022461
1 0.416504 0.041016 0.053711 0.082031
1 0.508789 0.017090 0.035156 0.034180
1 0.720215 0.032227 0.057617 0.050781
1 0.187500 0.034668 0.044922 0.043945
1 0.153320 0.064453 0.052734 0.046875
1 0.081055 0.074219 0.052734 0.044922
1 0.630859 0.076660 0.039062 0.049805
1 0.820312 0.118652 0.042969 0.038086
1 0.796387 0.167480 0.047852 0.043945
1 0.421387 0.184082 0.053711 0.040039
1 0.625000 0.224609 0.035156 0.046875
1 0.323730 0.226074 0.036133 0.045898
1 0.583496 0.224121 0.036133 0.040039
1 0.281250 0.228027 0.041016 0.043945
1 0.520996 0.226562 0.045898 0.041016
1 0.237793 0.236816 0.036133 0.041992
1 0.833008 0.262695 0.041016 0.050781
1 0.062988 0.269043 0.041992 0.047852
1 0.746094 0.307129 0.039062 0.036133
1 0.429688 0.320312 0.041016 0.046875
1 0.345703 0.323242 0.035156 0.046875
1 0.552734 0.320312 0.033203 0.042969
1 0.260254 0.336914 0.045898 0.052734
1 0.768066 0.349609 0.045898 0.044922
1 0.063965 0.358887 0.051758 0.034180
1 0.320312 0.400879 0.044922 0.045898
1 0.276855 0.413086 0.049805 0.039062
1 0.781250 0.412109 0.037109 0.039062
1 0.224609 0.426270 0.044922 0.036133
1 0.068359 0.438477 0.039062 0.035156
1 0.959473 0.483887 0.041992 0.041992
1 0.674316 0.514160 0.041992 0.047852
1 0.328613 0.522949 0.040039 0.041992
1 0.943359 0.639648 0.046875 0.068359
1 0.760254 0.638672 0.026367 0.017578
1 0.994629 0.642090 0.010742 0.020508
1 0.619141 0.649414 0.025391 0.021484
1 0.317871 0.681152 0.049805 0.069336
1 0.470215 0.687500 0.041992 0.062500
1 0.751953 0.680664 0.041016 0.048828
1 0.514648 0.687988 0.037109 0.057617
1 0.657227 0.687012 0.044922 0.047852
1 0.214844 0.706543 0.039062 0.084961
1 0.560059 0.693359 0.036133 0.052734
1 0.037109 0.701660 0.042969 0.045898
1 0.373047 0.697754 0.042969 0.036133
1 0.716797 0.787598 0.044922 0.049805
1 0.571777 0.790527 0.043945 0.043945
1 0.477539 0.795898 0.044922 0.052734
1 0.325684 0.796387 0.041992 0.047852
1 0.426758 0.802246 0.044922 0.043945
1 0.231934 0.841309 0.055664 0.077148
1 0.104492 0.855957 0.054688 0.053711
1 0.811523 0.857422 0.052734 0.044922
1 0.935547 0.902344 0.046875 0.050781
1 0.822266 0.907227 0.050781 0.048828
1 0.835449 0.950684 0.049805 0.055664
1 0.957031 0.988281 0.037109 0.023438
2 0.016113 0.020508 0.032227 0.041016
2 0.253906 0.046875 0.062500 0.044922
2 0.275879 0.090332 0.047852 0.051758
2 0.106445 0.102539 0.044922 0.058594
2 0.920410 0.117676 0.043945 0.053711
2 0.018555 0.139648 0.037109 0.054688
2 0.032715 0.183594 0.040039 0.054688
2 0.532227 0.183594 0.058594 0.041016
2 0.146973 0.187500 0.045898 0.039062
2 0.903320 0.208008 0.039062 0.041016
2 0.368164 0.223633 0.037109 0.050781
2 0.062012 0.222656 0.038086 0.044922
2 0.426758 0.228027 0.041016 0.043945
2 0.157715 0.246582 0.038086 0.051758
2 0.196777 0.245605 0.040039 0.040039
2 0.687012 0.321289 0.040039 0.046875
2 0.640137 0.321777 0.043945 0.045898
2 0.387695 0.322754 0.035156 0.038086
2 0.303711 0.326660 0.037109 0.043945
2 0.215820 0.347656 0.042969 0.048828
2 0.879883 0.394531 0.042969 0.039062
2 0.718750 0.508789 0.039062 0.041016
2 0.238281 0.516113 0.033203 0.047852
2 0.896484 0.670410 0.046875 0.055664
2 0.098145 0.735352 0.063477 0.048828
2 0.907227 0.770996 0.048828 0.047852
2 0.810547 0.782715 0.044922 0.051758
2 0.376465 0.796387 0.036133 0.053711
2 0.522949 0.793945 0.043945 0.044922
2 0.271973 0.812988 0.047852 0.053711
