0 0.041992 0.020020 0.035156 0.040039
0 0.104980 0.006836 0.020508 0.013672
0 0.134766 0.004883 0.037109 0.009766
0 0.229004 0.018555 0.067383 0.037109
0 0.121582 0.042480 0.041992 0.049805
0 0.089844 0.052734 0.025391 0.033203
0 0.031738 0.072266 0.040039 0.041016
0 0.776367 0.075195 0.048828 0.042969
0 0.104492 0.096680 0.031250 0.044922
0 0.196289 0.115234 0.050781 0.062500
0 0.662598 0.124512 0.041992 0.049805
0 0.615723 0.116211 0.010742 0.013672
0 0.017578 0.184570 0.035156 0.056641
0 0.598145 0.214844 0.018555 0.021484
0 0.704102 0.246582 0.041016 0.049805
0 0.432129 0.253906 0.043945 0.042969
0 0.509766 0.280273 0.029297 0.048828
0 0.413086 0.286621 0.041016 0.045898
0 0.594238 0.294922 0.040039 0.050781
0 0.987793 0.299805 0.024414 0.041016
0 0.501953 0.321289 0.044922 0.039062
0 0.396973 0.334473 0.047852 0.041992
0 0.331543 0.411133 0.041992 0.072266
0 0.010254 0.413086 0.020508 0.027344
0 0.309082 0.458496 0.036133 0.047852
0 0.394043 0.494629 0.047852 0.041992
0 0.542969 0.586426 0.044922 0.040039
0 0.994629 0.593750 0.010742 0.046875
0 0.283691 0.596191 0.026367 0.038086
0 0.913086 0.605469 0.044922 0.048828
0 0.501953 0.608398 0.044922 0.041016
0 0.985352 0.640137 0.029297 0.047852
0 0.278320 0.638672 0.023438 0.041016
0 0.892578 0.646484 0.062500 0.052734
0 0.891602 0.817383 0.044922 0.046875
0 0.595703 0.817383 0.048828 0.042969
0 0.665039 0.815918 0.050781 0.041992
0 0.973633 0.806641 0.009766 0.011719
0 0.597656 0.911621 0.042969 0.043945
0 0.994141 0.940430 0.011719 0.037109
0 0.600586 0.952637 0.021484 0.018555
0 0.785645 0.961426 0.045898 0.034180
0 0.501953 0.962402 0.021484 0.026367
0 0.532715 0.987305 0.028320 0.025391
0 0.784668 0.990234 0.030273 0.019531
0 0.891113 0.990234 0.045898 0.019531
0 0.569824 0.992188 0.036133 0.015625
0 0.645508 0.995117 0.035156 0.009766
1 0.533203 0.015137 0.035156 0.030273
1 0.621582 0.005371 0.034180 0.010742
1 0.801270 0.008789 0.041992 0.017578
1 0.615234 0.028320 0.044922 0.048828
1 0.790527 0.037598 0.049805 0.057617
1 0.503906 0.045410 0.048828 0.049805
1 0.698730 0.041992 0.038086 0.044922
1 0.663574 0.040527 0.026367 0.024414
1 0.205078 0.057129 0.042969 0.053711
1 0.064453 0.050293 0.023438 0.016602
1 0.601074 0.070312 0.045898 0.044922
1 0.574707 0.112793 0.036133 0.047852
1 0.755859 0.119629 0.039062 0.049805
1 0.020508 0.129883 0.041016 0.054688
1 0.471680 0.127441 0.048828 0.049805
1 0.627441 0.129395 0.012695 0.010742
1 0.564453 0.158203 0.037109 0.044922
1 0.180176 0.164551 0.034180 0.053711
1 0.733398 0.184082 0.068359 0.083008
1 0.543945 0.197754 0.039062 0.045898
1 0.166016 0.209473 0.031250 0.053711
1 0.630859 0.211914 0.037109 0.048828
1 0.986328 0.234863 0.027344 0.092773
1 0.453613 0.215332 0.040039 0.047852
1 0.577637 0.197266 0.010742 0.009766
1 0.532227 0.238281 0.037109 0.041016
1 0.610840 0.254395 0.036133 0.051758
1 0.562500 0.243652 0.013672 0.020508
1 0.129883 0.321777 0.037109 0.049805
1 0.671387 0.326172 0.034180 0.048828
1 0.577148 0.336914 0.033203 0.046875
1 0.080566 0.343262 0.055664 0.057617
1 0.024902 0.352051 0.049805 0.040039
1 0.479980 0.368652 0.045898 0.049805
1 0.660645 0.371582 0.049805 0.045898
1 0.363281 0.377441 0.052734 0.047852
1 0.557129 0.378906 0.045898 0.041016
1 0.961914 0.384766 0.037109 0.042969
1 0.464355 0.406250 0.040039 0.035156
1 0.540039 0.422852 0.042969 0.042969
1 0.952148 0.432129 0.044922 0.045898
1 0.416504 0.452148 0.036133 0.044922
1 0.625488 0.454102 0.030273 0.046875
1 0.016113 0.467773 0.032227 0.054688
1 0.526855 0.470703 0.032227 0.048828
1 0.937500 0.471680 0.046875 0.041016
1 0.612305 0.498535 0.041016 0.047852
1 0.293457 0.504883 0.032227 0.042969
1 0.484375 0.504883 0.023438 0.039062
1 0.932617 0.518555 0.033203 0.048828
1 0.010254 0.526855 0.020508 0.043945
1 0.446777 0.543945 0.041992 0.054688
1 0.580566 0.547363 0.049805 0.053711
1 0.369141 0.593262 0.056641 0.053711
1 0.472168 0.628418 0.049805 0.047852
1 0.437012 0.655273 0.049805 0.048828
1 0.394531 0.682617 0.046875 0.048828
1 0.978027 0.693848 0.024414 0.047852
1 0.364746 0.709961 0.051758 0.048828
1 0.858887 0.728516 0.047852 0.054688
1 0.968262 0.742188 0.041992 0.046875
1 0.324219 0.748047 0.035156 0.044922
1 0.822266 0.756348 0.042969 0.053711
1 0.941895 0.794922 0.045898 0.060547
1 0.531250 0.831543 0.054688 0.030273
1 0.837402 0.899902 0.047852 0.036133
1 0.695801 0.906250 0.047852 0.031250
1 0.926758 0.920898 0.037109 0.035156
1 0.626953 0.936523 0.017578 0.046875
1 0.967773 0.932617 0.044922 0.033203
1 0.742188 0.934570 0.050781 0.029297
1 0.684082 0.929688 0.020508 0.013672
1 0.021973 0.938965 0.012695 0.014648
1 0.430176 0.980469 0.038086 0.039062
1 0.659668 0.978516 0.014648 0.011719
1 0.607910 0.992676 0.032227 0.014648
1 0.694336 0.996582 0.027344 0.006836
2 0.709961 0.011230 0.033203 0.022461
2 0.492676 0.083008 0.047852 0.046875
2 0.681641 0.089355 0.035156 0.040039
2 0.096680 0.145508 0.041016 0.050781
2 0.461426 0.169922 0.051758 0.054688
2 0.640137 0.166504 0.041992 0.043945
2 0.080078 0.212402 0.033203 0.045898
2 0.036133 0.256348 0.054688 0.051758
2 0.157715 0.270020 0.051758 0.047852
2 0.699707 0.285645 0.065430 0.043945
2 0.159180 0.314453 0.025391 0.023438
2 0.971191 0.339844 0.047852 0.046875
2 0.635254 0.408691 0.032227 0.047852
2 0.375977 0.546875 0.041016 0.044922
2 0.286133 0.549316 0.027344 0.045898
2 0.918945 0.555664 0.052734 0.046875
2 0.253906 0.675293 0.035156 0.038086
2 0.890625 0.696289 0.042969 0.044922
2 0.261719 0.741699 0.044922 0.047852
2 0.766113 0.778320 0.043945 0.058594
2 0.722168 0.791992 0.040039 0.048828
2 0.804199 0.860840 0.057617 0.051758
2 0.649902 0.904297 0.038086 0.033203
2 0.543457 0.920410 0.043945 0.045898
2 0.882812 0.917480 0.046875 0.038086
2 0.475098 0.935059 0.047852 0.041992
2 0.839355 0.984863 0.049805 0.030273
