0 0.159180 0.019531 0.046875 0.039062
0 0.066406 0.058594 0.041016 0.042969
0 0.195312 0.047363 0.021484 0.020508
0 0.086426 0.100586 0.047852 0.042969
0 0.542969 0.115723 0.064453 0.049805
0 0.740234 0.120117 0.056641 0.060547
0 0.784180 0.138672 0.042969 0.058594
0 0.095703 0.144043 0.039062 0.041992
0 0.501465 0.172852 0.063477 0.070312
0 0.692383 0.219727 0.054688 0.052734
0 0.187500 0.223633 0.044922 0.046875
0 0.369141 0.241211 0.044922 0.060547
0 0.075684 0.235840 0.051758 0.041992
0 0.417969 0.254883 0.048828 0.056641
0 0.172363 0.264160 0.036133 0.040039
0 0.043457 0.297363 0.051758 0.047852
0 0.625000 0.331055 0.060547 0.048828
0 0.015625 0.332031 0.031250 0.044922
0 0.129883 0.345215 0.041016 0.047852
0 0.646484 0.375977 0.048828 0.054688
0 0.102539 0.381348 0.037109 0.049805
0 0.665039 0.420410 0.062500 0.057617
0 0.069336 0.417480 0.052734 0.043945
0 0.335938 0.430664 0.068359 0.048828
0 0.035156 0.444336 0.037109 0.054688
0 0.007324 0.458496 0.014648 0.038086
0 0.676758 0.474609 0.048828 0.048828
0 0.524414 0.484863 0.052734 0.041992
0 0.479980 0.506348 0.045898 0.051758
0 0.381836 0.530273 0.052734 0.054688
0 0.693359 0.539062 0.050781 0.066406
0 0.603027 0.569336 0.045898 0.066406
0 0.553711 0.590332 0.044922 0.059570
0 0.510254 0.599609 0.043945 0.066406
0 0.470703 0.616699 0.039062 0.067383
0 0.022461 0.641113 0.044922 0.067383
0 0.644531 0.672363 0.066406 0.053711
0 0.591309 0.688477 0.045898 0.054688
0 0.040039 0.707520 0.052734 0.049805
0 0.633789 0.719238 0.013672 0.016602
0 0.202148 0.792969 0.044922 0.056641
0 0.139160 0.821777 0.063477 0.053711
0 0.687988 0.870605 0.041992 0.065430
0 0.267578 0.894043 0.056641 0.090820
0 0.158691 0.937012 0.049805 0.047852
0 0.787109 0.941895 0.048828 0.047852
0 0.387695 0.957520 0.044922 0.057617
0 0.437012 0.956055 0.047852 0.054688
0 0.562500 0.961426 0.041016 0.057617
0 0.627930 0.975586 0.089844 0.048828
0 0.270020 0.976562 0.053711 0.046875
0 0.039551 0.977539 0.045898 0.044922
0 0.086426 0.977539 0.043945 0.044922
0 0.779297 0.982422 0.064453 0.035156
1 0.046875 0.022949 0.050781 0.040039
1 0.181152 0.079590 0.040039 0.043945
1 0.235840 0.080566 0.038086 0.047852
1 0.690918 0.112305 0.047852 0.037109
1 0.188965 0.175293 0.053711 0.043945
1 0.088379 0.189941 0.045898 0.040039
1 0.564941 0.247070 0.051758 0.062500
1 0.159668 0.304199 0.047852 0.040039
1 0.503418 0.327148 0.045898 0.044922
1 0.482910 0.363281 0.020508 0.023438
1 0.568359 0.475098 0.050781 0.053711
1 0.432129 0.522949 0.043945 0.049805
1 0.730469 0.648926 0.046875 0.075195
1 0.764648 0.746094 0.048828 0.048828
1 0.024902 0.770996 0.049805 0.065430
1 0.258789 0.821289 0.052734 0.052734
1 0.146484 0.888672 0.041016 0.052734
1 0.509277 0.951172 0.043945 0.060547
1 0.346680 0.969238 0.037109 0.034180
1 0.164551 0.980957 0.047852 0.038086
3 0.601562 0.280762 0.078125 0.077148
