0 0.546387 0.135254 0.041992 0.051758
0 0.508789 0.558594 0.027344 0.042969
0 0.545410 0.576660 0.040039 0.045898
0 0.757812 0.579102 0.044922 0.041016
0 0.464844 0.580566 0.037109 0.036133
0 0.574219 0.595215 0.029297 0.032227
0 0.636230 0.598633 0.032227 0.035156
0 0.603027 0.602051 0.030273 0.030273
0 0.452637 0.619141 0.038086 0.035156
0 0.710938 0.627441 0.035156 0.041992
0 0.917480 0.662598 0.094727 0.106445
0 0.796387 0.647949 0.032227 0.040039
0 0.854980 0.661621 0.034180 0.038086
0 0.418945 0.670898 0.037109 0.041016
0 0.579590 0.676270 0.059570 0.043945
0 0.504395 0.699219 0.057617 0.060547
0 0.395020 0.719727 0.043945 0.041016
0 0.484863 0.738281 0.036133 0.039062
0 0.380859 0.751465 0.041016 0.051758
0 0.818359 0.745117 0.039062 0.031250
0 0.533203 0.766113 0.044922 0.043945
0 0.877441 0.767578 0.040039 0.046875
0 0.699219 0.778320 0.031250 0.035156
0 0.798340 0.789551 0.047852 0.057617
0 0.626953 0.784668 0.037109 0.038086
0 0.519531 0.804199 0.052734 0.063477
0 0.857910 0.798828 0.049805 0.042969
0 0.349609 0.800293 0.033203 0.038086
0 0.955078 0.812988 0.048828 0.055664
0 0.614258 0.808105 0.037109 0.038086
0 0.432617 0.825195 0.058594 0.064453
0 0.981445 0.827637 0.037109 0.045898
0 0.841797 0.831055 0.042969 0.046875
0 0.602539 0.833008 0.037109 0.041016
0 0.671387 0.840332 0.041992 0.034180
0 0.500488 0.846680 0.040039 0.041016
0 0.761230 0.855469 0.051758 0.042969
0 0.327148 0.851562 0.037109 0.031250
0 0.583984 0.858887 0.035156 0.036133
0 0.941406 0.864746 0.041016 0.045898
0 0.656250 0.867676 0.046875 0.038086
0 0.398438 0.883789 0.050781 0.062500
0 0.470215 0.898926 0.067383 0.094727
0 0.745117 0.879395 0.044922 0.034180
0 0.310059 0.882324 0.040039 0.034180
0 0.570801 0.886230 0.043945 0.041992
0 0.917969 0.900879 0.046875 0.041992
0 0.729004 0.902344 0.041992 0.035156
0 0.295410 0.907715 0.032227 0.040039
0 0.556641 0.913574 0.044922 0.040039
0 0.628418 0.916992 0.041992 0.037109
0 0.381836 0.921387 0.042969 0.040039
0 0.791992 0.924805 0.039062 0.046875
0 0.284180 0.930664 0.035156 0.035156
0 0.897949 0.933594 0.041992 0.041016
0 0.537598 0.956543 0.079102 0.073242
0 0.614258 0.945801 0.041016 0.034180
0 0.362793 0.964844 0.053711 0.066406
0 0.264648 0.959473 0.039062 0.038086
0 0.877930 0.966309 0.037109 0.038086
0 0.684570 0.977539 0.050781 0.044922
0 0.431641 0.978516 0.054688 0.041016
0 0.255859 0.981934 0.035156 0.036133
0 0.511719 0.984863 0.037109 0.030273
0 0.863281 0.988281 0.041016 0.023438
0 0.346191 0.991211 0.047852 0.017578
1 0.819336 0.588379 0.070312 0.057617
1 0.871582 0.604492 0.038086 0.048828
1 0.739258 0.632324 0.033203 0.030273
1 0.441406 0.643555 0.050781 0.041016
1 0.768555 0.640625 0.033203 0.035156
1 0.823730 0.657227 0.032227 0.033203
1 0.409180 0.695312 0.039062 0.037109
1 0.568848 0.711426 0.036133 0.040039
1 0.551270 0.736328 0.047852 0.048828
1 0.713867 0.748047 0.037109 0.037109
1 0.453613 0.791504 0.040039 0.034180
1 0.687988 0.807129 0.040039 0.038086
1 0.774902 0.825684 0.041992 0.043945
1 0.337891 0.829590 0.041016 0.032227
1 0.820312 0.879395 0.062500 0.067383
1 0.641113 0.895020 0.040039 0.032227
1 0.716797 0.931641 0.044922 0.039062
1 0.773438 0.955078 0.052734 0.044922
1 0.441406 0.951660 0.039062 0.036133
1 0.598633 0.971680 0.042969 0.037109
2 0.680176 0.546387 0.040039 0.049805
2 0.525879 0.655273 0.040039 0.037109
2 0.653809 0.726562 0.036133 0.039062
2 0.727539 0.723633 0.035156 0.033203
2 0.645508 0.753418 0.044922 0.036133
2 0.468750 0.761230 0.044922 0.040039
2 0.756836 0.980957 0.052734 0.038086
