0 0.103516 0.020020 0.052734 0.040039
0 0.193359 0.017578 0.041016 0.033203
0 0.668457 0.013184 0.049805 0.026367
0 0.908203 0.017578 0.076172 0.035156
0 0.010254 0.039551 0.020508 0.049805
0 0.176758 0.038086 0.042969 0.042969
0 0.056641 0.046387 0.033203 0.041992
0 0.163086 0.065430 0.039062 0.041016
0 0.147949 0.090820 0.040039 0.044922
0 0.392578 0.271484 0.277344 0.384766
0 0.141602 0.118652 0.035156 0.038086
0 0.125977 0.143066 0.035156 0.036133
0 0.092285 0.205078 0.043945 0.039062
0 0.013672 0.257812 0.027344 0.046875
0 0.071289 0.318848 0.041016 0.043945
0 0.270020 0.389648 0.094727 0.076172
0 0.014160 0.395508 0.028320 0.042969
0 0.942383 0.390625 0.019531 0.025391
0 0.966309 0.420898 0.040039 0.044922
0 0.761719 0.449707 0.064453 0.061523
0 0.912598 0.457031 0.028320 0.031250
0 0.734863 0.482422 0.073242 0.076172
0 0.950195 0.471680 0.042969 0.042969
0 0.875488 0.508789 0.057617 0.060547
0 0.992676 0.508789 0.014648 0.037109
0 0.702148 0.529785 0.078125 0.067383
0 0.951172 0.518555 0.011719 0.011719
0 0.647461 0.562500 0.076172 0.080078
0 0.930176 0.566895 0.053711 0.053711
0 0.603027 0.614258 0.051758 0.052734
0 0.755371 0.643066 0.047852 0.059570
0 0.918945 0.646484 0.048828 0.064453
0 0.811523 0.643066 0.052734 0.045898
0 0.703125 0.639160 0.025391 0.028320
0 0.564941 0.661133 0.063477 0.066406
0 0.022949 0.651367 0.045898 0.042969
0 0.967773 0.660156 0.064453 0.056641
0 0.708008 0.681641 0.046875 0.044922
0 0.660645 0.697266 0.065430 0.062500
0 0.476562 0.746582 0.085938 0.084961
0 0.830078 0.753418 0.044922 0.067383
0 0.908203 0.769043 0.099609 0.096680
0 0.765625 0.762207 0.066406 0.059570
0 0.419922 0.788086 0.044922 0.033203
0 0.727051 0.797852 0.055664 0.050781
0 0.868164 0.820312 0.062500 0.044922
0 0.387207 0.829102 0.053711 0.058594
0 0.810059 0.844238 0.047852 0.059570
0 0.458496 0.876953 0.047852 0.074219
0 0.931152 0.914062 0.049805 0.066406
0 0.822754 0.918945 0.045898 0.058594
0 0.267578 0.961426 0.070312 0.071289
0 0.869141 0.957031 0.056641 0.050781
0 0.398926 0.967285 0.049805 0.065430
1 0.034180 0.280762 0.050781 0.043945
1 0.015137 0.348633 0.030273 0.031250
1 0.985352 0.370605 0.029297 0.053711
1 0.954102 0.369141 0.031250 0.031250
1 0.964844 0.508789 0.027344 0.029297
1 0.810547 0.548340 0.058594 0.055664
1 0.989258 0.557617 0.021484 0.035156
1 0.040039 0.698242 0.039062 0.039062
1 0.034668 0.748047 0.053711 0.050781
1 0.012695 0.780273 0.025391 0.048828
1 0.988281 0.855957 0.023438 0.049805
1 0.963867 0.885742 0.054688 0.054688
2 0.015137 0.127441 0.030273 0.041992
2 0.032227 0.156738 0.037109 0.038086
2 0.062988 0.183105 0.045898 0.043945
