0 0.006348 0.005859 0.012695 0.011719
0 0.083984 0.017090 0.039062 0.034180
0 0.174805 0.006836 0.025391 0.013672
0 0.260742 0.014160 0.042969 0.028320
0 0.447754 0.016113 0.030273 0.032227
0 0.156738 0.025391 0.038086 0.037109
0 0.052246 0.038086 0.034180 0.039062
0 0.240234 0.038086 0.044922 0.041016
0 0.411621 0.058105 0.032227 0.036133
0 0.218750 0.064941 0.041016 0.041992
0 0.034180 0.071777 0.037109 0.043945
0 0.105957 0.078125 0.043945 0.048828
0 0.020508 0.103027 0.041016 0.045898
0 0.199219 0.103027 0.041016 0.036133
0 0.278809 0.105469 0.034180 0.041016
0 0.181641 0.126953 0.037109 0.048828
0 0.356934 0.136230 0.040039 0.038086
0 0.235840 0.162598 0.040039 0.041992
0 0.346191 0.168457 0.040039 0.049805
0 0.051758 0.167969 0.046875 0.037109
0 0.195801 0.220703 0.041992 0.041016
0 0.019531 0.227539 0.039062 0.048828
0 0.176758 0.251953 0.039062 0.042969
0 0.078613 0.272461 0.043945 0.042969
0 0.146973 0.278320 0.038086 0.046875
0 0.061035 0.301758 0.036133 0.048828
0 0.245117 0.315430 0.039062 0.048828
0 0.038086 0.330078 0.041016 0.041016
0 0.995605 0.323242 0.008789 0.025391
0 0.113281 0.340332 0.048828 0.043945
0 0.209961 0.361328 0.052734 0.080078
0 0.980469 0.349121 0.039062 0.043945
0 0.017090 0.376953 0.034180 0.078125
0 0.078613 0.401855 0.034180 0.040039
0 0.171875 0.401367 0.033203 0.037109
0 0.164551 0.433105 0.040039 0.045898
0 0.136719 0.461914 0.041016 0.042969
0 0.895508 0.479492 0.044922 0.054688
0 0.013184 0.486816 0.026367 0.045898
0 0.984863 0.507324 0.030273 0.036133
0 0.862305 0.513184 0.046875 0.043945
0 0.104004 0.523438 0.038086 0.044922
0 0.861328 0.567383 0.041016 0.041016
0 0.052734 0.578613 0.033203 0.036133
0 0.045410 0.609863 0.040039 0.041992
0 0.924805 0.627930 0.039062 0.044922
0 0.953613 0.647461 0.047852 0.039062
0 0.858398 0.665527 0.041016 0.041992
0 0.983887 0.672852 0.032227 0.044922
0 0.759766 0.678223 0.042969 0.041992
0 0.903809 0.707031 0.065430 0.068359
0 0.736328 0.706543 0.037109 0.047852
0 0.711914 0.735352 0.054688 0.042969
0 0.951660 0.743164 0.038086 0.048828
0 0.808594 0.751465 0.039062 0.038086
0 0.688965 0.770020 0.041992 0.041992
0 0.836426 0.773926 0.041992 0.043945
0 0.992676 0.796387 0.014648 0.030273
0 0.774902 0.833984 0.071289 0.074219
0 0.620117 0.862793 0.037109 0.041992
0 0.955566 0.878418 0.038086 0.041992
0 0.587891 0.891113 0.048828 0.047852
0 0.703613 0.900391 0.038086 0.050781
0 0.884766 0.883789 0.013672 0.013672
0 0.842773 0.904785 0.041016 0.051758
0 0.977051 0.914551 0.041992 0.053711
0 0.573730 0.924316 0.040039 0.040039
0 0.730957 0.929688 0.040039 0.048828
0 0.862793 0.932617 0.038086 0.048828
0 0.544434 0.953613 0.038086 0.051758
0 0.991699 0.949219 0.016602 0.042969
0 0.764160 0.958984 0.040039 0.042969
0 0.662598 0.961426 0.051758 0.041992
0 0.939453 0.979980 0.062500 0.040039
0 0.787109 0.981934 0.041016 0.036133
0 0.686523 0.984863 0.044922 0.030273
0 0.812500 0.995117 0.023438 0.009766
1 0.342773 0.016113 0.035156 0.032227
1 0.319336 0.042480 0.039062 0.038086
1 0.134277 0.050293 0.043945 0.043945
1 0.300781 0.072266 0.039062 0.039062
1 0.399414 0.081055 0.039062 0.033203
1 0.375488 0.104004 0.036133 0.038086
1 0.091797 0.113770 0.046875 0.040039
1 0.075195 0.140137 0.042969 0.041992
1 0.153809 0.171387 0.073242 0.075195
1 0.210449 0.187500 0.049805 0.044922
1 0.035645 0.199219 0.041992 0.044922
1 0.315918 0.193359 0.036133 0.035156
1 0.114746 0.209961 0.038086 0.042969
1 0.305664 0.226562 0.039062 0.050781
1 0.097656 0.240723 0.041016 0.041992
1 0.256348 0.281738 0.038086 0.038086
1 0.132812 0.308105 0.046875 0.038086
1 0.093750 0.364746 0.042969 0.045898
1 0.054199 0.427734 0.041992 0.041016
1 0.918457 0.446777 0.051758 0.049805
1 0.030762 0.455566 0.051758 0.041992
1 0.976074 0.550781 0.047852 0.050781
1 0.076172 0.548828 0.041016 0.042969
1 0.885742 0.611328 0.056641 0.044922
1 0.810059 0.655273 0.034180 0.039062
1 0.978516 0.770996 0.042969 0.041992
1 0.665527 0.799316 0.049805 0.051758
1 0.866211 0.802246 0.041016 0.051758
1 0.912109 0.836914 0.068359 0.080078
1 0.638672 0.830566 0.039062 0.045898
1 0.813477 0.875977 0.035156 0.048828
1 0.896973 0.958984 0.040039 0.042969
1 0.515137 0.979980 0.065430 0.040039
2 0.248047 0.132324 0.041016 0.043945
2 0.276367 0.254395 0.039062 0.041992
2 0.963379 0.385742 0.047852 0.044922
2 0.941406 0.416504 0.046875 0.047852
