0 0.432617 0.031738 0.042969 0.063477
0 0.544434 0.040039 0.053711 0.074219
0 0.462402 0.095703 0.067383 0.068359
0 0.406738 0.139648 0.059570 0.056641
0 0.979492 0.145996 0.041016 0.067383
0 0.056152 0.167969 0.071289 0.078125
0 0.436035 0.189453 0.069336 0.048828
0 0.025879 0.208984 0.051758 0.068359
0 0.653809 0.226562 0.075195 0.058594
0 0.172363 0.246582 0.049805 0.059570
0 0.320312 0.253418 0.068359 0.051758
0 0.911621 0.273926 0.028320 0.040039
0 0.124023 0.290039 0.066406 0.054688
0 0.540527 0.368652 0.073242 0.059570
0 0.270996 0.400391 0.051758 0.050781
0 0.132324 0.416992 0.065430 0.048828
0 0.569336 0.431152 0.050781 0.065430
0 0.977539 0.441895 0.044922 0.081055
0 0.297852 0.444824 0.064453 0.043945
0 0.598145 0.461426 0.026367 0.028320
0 0.897461 0.472168 0.041016 0.041992
0 0.123047 0.475098 0.041016 0.038086
0 0.638672 0.500488 0.041016 0.045898
0 0.337402 0.526367 0.045898 0.062500
0 0.183594 0.553711 0.066406 0.113281
0 0.842773 0.523926 0.042969 0.053711
0 0.813477 0.553223 0.031250 0.049805
0 0.519531 0.575195 0.052734 0.074219
0 0.864746 0.570312 0.038086 0.035156
0 0.753418 0.585938 0.049805 0.039062
0 0.241211 0.593750 0.052734 0.046875
0 0.886230 0.607910 0.034180 0.040039
0 0.800781 0.660645 0.044922 0.059570
0 0.909180 0.659668 0.046875 0.049805
0 0.716309 0.693359 0.049805 0.044922
0 0.937012 0.695801 0.028320 0.036133
0 0.289551 0.730469 0.071289 0.056641
0 0.740723 0.718750 0.032227 0.029297
0 0.662598 0.725098 0.030273 0.038086
0 0.955566 0.724121 0.036133 0.038086
0 0.587891 0.741211 0.058594 0.046875
0 0.714844 0.744141 0.048828 0.050781
0 0.790039 0.755371 0.035156 0.041992
0 0.545898 0.766602 0.048828 0.048828
0 0.982910 0.761230 0.030273 0.036133
0 0.497559 0.798340 0.041992 0.061523
0 0.991699 0.817383 0.016602 0.031250
0 0.796387 0.834961 0.045898 0.054688
0 0.075684 0.829102 0.022461 0.023438
0 0.605469 0.867676 0.044922 0.084961
0 0.152344 0.853516 0.054688 0.054688
0 0.032227 0.852051 0.029297 0.030273
0 0.119141 0.895020 0.048828 0.053711
0 0.395508 0.896973 0.074219 0.051758
0 0.157715 0.891113 0.028320 0.030273
0 0.067383 0.898438 0.025391 0.025391
0 0.014648 0.926270 0.029297 0.045898
0 0.517090 0.933105 0.049805 0.057617
0 0.065918 0.937988 0.036133 0.049805
0 0.141602 0.927246 0.031250 0.030273
0 0.317871 0.937500 0.049805 0.048828
0 0.270020 0.964844 0.041992 0.050781
0 0.476562 0.970215 0.048828 0.059570
0 0.755371 0.972168 0.059570 0.055664
0 0.421387 0.956055 0.022461 0.021484
0 0.035156 0.978027 0.039062 0.043945
0 0.330566 0.976074 0.034180 0.038086
0 0.673828 0.985840 0.050781 0.028320
0 0.338379 0.990723 0.022461 0.018555
0 0.361328 0.990234 0.029297 0.019531
0 0.434082 0.992188 0.024414 0.015625
1 0.952148 0.066895 0.052734 0.073242
1 0.575684 0.106934 0.043945 0.034180
1 0.608398 0.162598 0.056641 0.055664
1 0.210449 0.195312 0.065430 0.066406
1 0.493652 0.288086 0.079102 0.058594
1 0.569824 0.284668 0.049805 0.047852
1 0.680664 0.298828 0.046875 0.058594
1 0.235352 0.347168 0.062500 0.059570
1 0.394043 0.403809 0.088867 0.061523
1 0.450195 0.479980 0.083984 0.104492
1 0.175293 0.476562 0.041992 0.054688
1 0.943848 0.532227 0.059570 0.046875
1 0.753906 0.781738 0.050781 0.059570
2 0.241699 0.134277 0.081055 0.088867
2 0.457031 0.245117 0.052734 0.060547
2 0.879883 0.273926 0.021484 0.022461
2 0.515137 0.327637 0.065430 0.055664
2 0.385254 0.354492 0.051758 0.064453
2 0.616211 0.356934 0.046875 0.063477
2 0.677734 0.473633 0.048828 0.046875
2 0.590332 0.525879 0.061523 0.057617
2 0.242188 0.805664 0.031250 0.035156
2 0.653809 0.844238 0.057617 0.081055
2 0.446777 0.841797 0.061523 0.074219
2 0.915527 0.829590 0.040039 0.045898
2 0.569824 0.904785 0.047852 0.081055
2 0.813965 0.904297 0.057617 0.062500
