0 0.678711 0.011719 0.042969 0.023438
0 0.731934 0.038574 0.018555 0.020508
0 0.706543 0.209473 0.041992 0.041992
0 0.622559 0.217773 0.038086 0.044922
0 0.534180 0.228516 0.031250 0.044922
0 0.870117 0.253906 0.039062 0.037109
0 0.490723 0.281738 0.020508 0.018555
0 0.688965 0.299316 0.053711 0.034180
0 0.508789 0.314941 0.056641 0.038086
0 0.687500 0.335938 0.037109 0.031250
0 0.944336 0.348633 0.046875 0.048828
0 0.993164 0.363770 0.013672 0.022461
0 0.639160 0.385254 0.010742 0.012695
0 0.507812 0.407715 0.041016 0.043945
0 0.988770 0.407227 0.022461 0.031250
0 0.773438 0.476074 0.042969 0.043945
0 0.993164 0.493164 0.013672 0.046875
0 0.941895 0.512207 0.014648 0.014648
0 0.977539 0.532227 0.017578 0.013672
0 0.080566 0.633789 0.053711 0.078125
0 0.802246 0.646973 0.010742 0.012695
0 0.271484 0.662109 0.027344 0.023438
0 0.747559 0.700195 0.038086 0.046875
0 0.639160 0.740723 0.045898 0.057617
0 0.729980 0.740234 0.036133 0.044922
0 0.903809 0.749023 0.049805 0.052734
0 0.103027 0.766113 0.053711 0.055664
0 0.152344 0.782715 0.058594 0.077148
0 0.214355 0.785645 0.043945 0.043945
0 0.885254 0.777344 0.022461 0.023438
0 0.617676 0.792969 0.041992 0.042969
0 0.575684 0.796875 0.020508 0.017578
0 0.773926 0.833984 0.038086 0.041016
0 0.126465 0.848145 0.018555 0.022461
0 0.854492 0.875977 0.041016 0.044922
0 0.256836 0.903320 0.039062 0.056641
0 0.742676 0.916504 0.045898 0.049805
0 0.731445 0.958496 0.033203 0.043945
0 0.058105 0.971191 0.057617 0.057617
0 0.240723 0.991211 0.034180 0.017578
1 0.567871 0.010742 0.047852 0.021484
1 0.847656 0.021484 0.046875 0.039062
1 0.755371 0.026367 0.030273 0.031250
1 0.664062 0.036621 0.041016 0.040039
1 0.571777 0.041016 0.049805 0.044922
1 0.907227 0.067871 0.060547 0.055664
1 0.833008 0.065430 0.042969 0.044922
1 0.990234 0.081055 0.019531 0.039062
1 0.562500 0.089844 0.041016 0.044922
1 0.654297 0.088867 0.041016 0.041016
1 0.688477 0.076172 0.017578 0.013672
1 0.901855 0.111816 0.043945 0.045898
1 0.820801 0.110352 0.041992 0.039062
1 0.981445 0.125000 0.037109 0.048828
1 0.647461 0.129395 0.050781 0.041992
1 0.540039 0.138672 0.054688 0.042969
1 0.809570 0.152344 0.044922 0.037109
1 0.718750 0.162598 0.042969 0.040039
1 0.975098 0.171875 0.047852 0.048828
1 0.545898 0.184082 0.039062 0.043945
1 0.798340 0.198730 0.045898 0.045898
1 0.962402 0.219727 0.038086 0.041016
1 0.795410 0.247070 0.047852 0.050781
1 0.696777 0.255371 0.045898 0.040039
1 0.652832 0.247559 0.016602 0.022461
1 0.961426 0.256836 0.047852 0.041016
1 0.618164 0.266113 0.041016 0.045898
1 0.525879 0.276855 0.036133 0.024414
1 0.781738 0.291016 0.043945 0.044922
1 0.863770 0.295898 0.038086 0.037109
1 0.949707 0.305664 0.040039 0.041016
1 0.781250 0.364746 0.054688 0.079102
1 0.853516 0.345215 0.041016 0.038086
1 0.509277 0.360840 0.049805 0.043945
1 0.839844 0.385254 0.062500 0.040039
1 0.665039 0.392578 0.044922 0.042969
1 0.940918 0.394531 0.051758 0.046875
1 0.607422 0.399414 0.042969 0.044922
1 0.727539 0.479004 0.041016 0.045898
1 0.682617 0.481445 0.044922 0.044922
1 0.820801 0.478027 0.040039 0.036133
1 0.636719 0.484863 0.044922 0.045898
1 0.593262 0.489258 0.034180 0.039062
1 0.991211 0.556641 0.017578 0.058594
1 0.824219 0.551270 0.037109 0.038086
1 0.640137 0.559082 0.032227 0.043945
1 0.777344 0.552734 0.044922 0.031250
1 0.867188 0.555176 0.041016 0.030273
1 0.915039 0.566406 0.037109 0.027344
1 0.597656 0.570801 0.042969 0.030273
1 0.553223 0.574707 0.043945 0.034180
1 0.506836 0.577148 0.042969 0.031250
1 0.025879 0.606445 0.051758 0.052734
1 0.847168 0.657715 0.036133 0.053711
1 0.950684 0.663574 0.043945 0.051758
1 0.180176 0.675781 0.041992 0.064453
1 0.652832 0.681152 0.061523 0.061523
1 0.976074 0.711426 0.047852 0.077148
1 0.047852 0.747559 0.056641 0.055664
1 0.708008 0.785156 0.046875 0.041016
1 0.703125 0.830566 0.068359 0.041992
1 0.869629 0.836426 0.041992 0.047852
1 0.677734 0.865723 0.031250 0.045898
1 0.043945 0.865723 0.050781 0.043945
1 0.762207 0.873535 0.030273 0.040039
1 0.575195 0.880859 0.041016 0.048828
1 0.143066 0.888184 0.063477 0.053711
1 0.550293 0.915039 0.053711 0.060547
1 0.044434 0.912109 0.043945 0.046875
1 0.659180 0.912109 0.041016 0.039062
1 0.140137 0.940918 0.053711 0.049805
1 0.645508 0.944824 0.035156 0.049805
1 0.078613 0.931152 0.020508 0.018555
1 0.236816 0.952637 0.047852 0.051758
1 0.544922 0.965332 0.041016 0.041992
1 0.623047 0.983887 0.037109 0.032227
1 0.710449 0.986816 0.038086 0.026367
1 0.803711 0.987305 0.041016 0.025391
1 0.535645 0.991699 0.030273 0.016602
2 0.927734 0.026367 0.044922 0.044922
2 0.738770 0.071777 0.047852 0.040039
2 0.859375 0.082520 0.011719 0.012695
2 0.729980 0.123047 0.045898 0.041016
2 0.894531 0.161621 0.029297 0.040039
2 0.631348 0.172852 0.036133 0.041016
2 0.867676 0.202637 0.057617 0.053711
2 0.612793 0.334473 0.053711 0.088867
2 0.492676 0.453613 0.040039 0.036133
2 0.866211 0.478027 0.044922 0.040039
2 0.913574 0.478516 0.045898 0.042969
2 0.957520 0.481934 0.041992 0.032227
2 0.017578 0.505371 0.035156 0.038086
2 0.549316 0.505859 0.038086 0.037109
2 0.655762 0.512695 0.014648 0.015625
2 0.708984 0.554688 0.085938 0.050781
2 0.956543 0.562012 0.040039 0.043945
2 0.763184 0.654297 0.051758 0.042969
2 0.226074 0.686523 0.040039 0.066406
2 0.328125 0.705078 0.039062 0.066406
2 0.810059 0.745605 0.075195 0.129883
2 0.932129 0.705078 0.073242 0.048828
2 0.352051 0.765625 0.055664 0.048828
2 0.318848 0.816895 0.071289 0.053711
2 0.041504 0.816895 0.047852 0.047852
2 0.170410 0.842285 0.049805 0.053711
2 0.590820 0.836914 0.044922 0.042969
2 0.286133 0.857422 0.062500 0.052734
2 0.833984 0.915039 0.029297 0.048828
2 0.817871 0.952148 0.036133 0.046875
2 0.127930 0.983398 0.064453 0.033203
2 0.036621 0.995117 0.045898 0.009766
3 0.811035 0.666992 0.018555 0.013672
