0 0.418457 0.020996 0.030273 0.041992
0 0.508301 0.024414 0.036133 0.048828
0 0.765625 0.011719 0.037109 0.023438
0 0.831543 0.031738 0.038086 0.063477
0 0.923340 0.019043 0.024414 0.038086
0 0.040039 0.023438 0.029297 0.041016
0 0.596680 0.028809 0.052734 0.041992
0 0.345703 0.027832 0.033203 0.036133
0 0.251465 0.053711 0.040039 0.042969
0 0.026855 0.054688 0.041992 0.033203
0 0.408203 0.060547 0.023438 0.037109
0 0.779297 0.057129 0.021484 0.026367
0 0.920898 0.064941 0.044922 0.040039
0 0.495605 0.067871 0.043945 0.041992
0 0.588867 0.066895 0.037109 0.040039
0 0.332520 0.068359 0.026367 0.037109
0 0.818848 0.079590 0.038086 0.034180
0 0.236328 0.090820 0.027344 0.035156
0 0.745117 0.091797 0.035156 0.037109
0 0.912598 0.104004 0.036133 0.041992
0 0.570312 0.104492 0.031250 0.037109
0 0.158691 0.125000 0.026367 0.041016
0 0.231445 0.129883 0.029297 0.039062
0 0.392090 0.142090 0.024414 0.041992
0 0.902344 0.143555 0.041016 0.037109
0 0.569336 0.147949 0.044922 0.041992
0 0.643555 0.152344 0.039062 0.044922
0 0.318848 0.151367 0.024414 0.033203
0 0.813477 0.157227 0.025391 0.031250
0 0.145508 0.162109 0.041016 0.037109
0 0.221680 0.169434 0.033203 0.034180
0 0.387207 0.181641 0.040039 0.044922
0 0.895508 0.188477 0.033203 0.041016
0 0.306641 0.190918 0.033203 0.036133
0 0.642578 0.192871 0.029297 0.034180
0 0.799316 0.199219 0.032227 0.035156
0 0.219727 0.220703 0.048828 0.037109
0 0.720215 0.225586 0.038086 0.044922
0 0.553711 0.228516 0.027344 0.029297
0 0.895508 0.232910 0.027344 0.038086
0 0.450684 0.243164 0.063477 0.035156
0 0.133301 0.247559 0.024414 0.034180
0 0.203125 0.253418 0.033203 0.034180
0 0.370605 0.264648 0.041992 0.039062
0 0.818848 0.271973 0.038086 0.043945
0 0.555176 0.268066 0.034180 0.032227
0 0.633301 0.273438 0.034180 0.039062
0 0.909668 0.275879 0.034180 0.034180
0 0.108887 0.285156 0.047852 0.042969
0 0.357910 0.304688 0.032227 0.039062
0 0.932129 0.304199 0.043945 0.038086
0 0.567871 0.312988 0.038086 0.045898
0 0.833496 0.318359 0.041992 0.044922
0 0.196777 0.333008 0.047852 0.041016
0 0.673828 0.344727 0.037109 0.046875
0 0.952637 0.341797 0.038086 0.042969
0 0.496582 0.341797 0.024414 0.035156
0 0.771484 0.350586 0.041016 0.042969
0 0.855957 0.351074 0.041992 0.040039
0 0.269043 0.354004 0.032227 0.040039
0 0.459473 0.361328 0.036133 0.027344
0 0.967285 0.371094 0.051758 0.046875
0 0.105469 0.368652 0.029297 0.036133
0 0.417480 0.372070 0.041992 0.033203
0 0.613281 0.378906 0.050781 0.046875
0 0.374023 0.376465 0.031250 0.026367
0 0.787109 0.390137 0.044922 0.043945
0 0.871582 0.387695 0.034180 0.039062
0 0.076172 0.428711 0.066406 0.083984
0 0.173828 0.411621 0.039062 0.038086
0 0.976074 0.419434 0.032227 0.038086
0 0.894043 0.421387 0.034180 0.036133
0 0.512695 0.425781 0.058594 0.042969
0 0.613281 0.419922 0.033203 0.031250
0 0.233887 0.429199 0.043945 0.041992
0 0.712402 0.437012 0.045898 0.047852
0 0.320312 0.445312 0.048828 0.041016
0 0.159180 0.447754 0.027344 0.041992
0 0.469727 0.452637 0.041016 0.045898
0 0.539551 0.459473 0.036133 0.043945
0 0.631836 0.459961 0.035156 0.044922
0 0.416992 0.460449 0.044922 0.041992
0 0.819336 0.466797 0.046875 0.041016
0 0.730957 0.477539 0.047852 0.041016
0 0.058105 0.515137 0.063477 0.071289
0 0.215820 0.501953 0.039062 0.041016
0 0.252930 0.512207 0.031250 0.038086
0 0.331543 0.522461 0.043945 0.037109
0 0.737793 0.527832 0.063477 0.043945
0 0.927734 0.538086 0.033203 0.039062
0 0.455566 0.543945 0.036133 0.031250
0 0.845703 0.549316 0.048828 0.041992
0 0.134766 0.571777 0.042969 0.040039
0 0.499512 0.573242 0.038086 0.041016
0 0.943359 0.577148 0.029297 0.035156
0 0.674316 0.578613 0.030273 0.036133
0 0.220215 0.580566 0.040039 0.030273
0 0.858398 0.589844 0.046875 0.041016
0 0.262695 0.590332 0.035156 0.028320
0 0.305176 0.601074 0.038086 0.032227
0 0.776367 0.604004 0.037109 0.040039
0 0.347656 0.608887 0.037109 0.028320
0 0.694824 0.615234 0.041992 0.042969
0 0.948730 0.623047 0.038086 0.048828
0 0.385742 0.625488 0.039062 0.045898
0 0.484375 0.624512 0.027344 0.038086
0 0.914062 0.624023 0.029297 0.035156
0 0.864746 0.631348 0.036133 0.043945
0 0.125000 0.639648 0.044922 0.044922
0 0.952637 0.666504 0.040039 0.045898
0 0.203125 0.666992 0.041016 0.037109
0 0.291016 0.675781 0.044922 0.044922
0 0.241699 0.673340 0.026367 0.026367
0 0.875000 0.689941 0.033203 0.040039
0 0.021973 0.722656 0.036133 0.078125
0 0.418457 0.704590 0.041992 0.041992
0 0.587891 0.715332 0.037109 0.047852
0 0.807617 0.710449 0.041016 0.028320
0 0.630859 0.721680 0.039062 0.042969
0 0.459473 0.720703 0.038086 0.033203
0 0.504883 0.718750 0.031250 0.029297
0 0.760742 0.718750 0.037109 0.029297
0 0.107422 0.730469 0.046875 0.044922
0 0.721191 0.725098 0.034180 0.030273
0 0.546875 0.728516 0.029297 0.027344
0 0.152832 0.741699 0.034180 0.034180
0 0.970703 0.771973 0.052734 0.081055
0 0.196289 0.760254 0.039062 0.053711
0 0.234375 0.765137 0.037109 0.041992
0 0.906738 0.768066 0.057617 0.038086
0 0.279297 0.768555 0.041016 0.031250
0 0.085449 0.771484 0.026367 0.035156
0 0.008789 0.783203 0.017578 0.041016
0 0.319824 0.782227 0.038086 0.039062
0 0.360840 0.783691 0.038086 0.024414
0 0.812988 0.793457 0.041992 0.040039
0 0.765137 0.787598 0.020508 0.022461
0 0.734863 0.799316 0.030273 0.036133
0 0.395020 0.803223 0.036133 0.040039
0 0.469727 0.825195 0.042969 0.078125
0 0.654297 0.830566 0.050781 0.083008
0 0.080078 0.817383 0.039062 0.044922
0 0.586426 0.812012 0.038086 0.034180
0 0.824219 0.828125 0.031250 0.035156
0 0.752441 0.835938 0.043945 0.039062
0 0.132324 0.837891 0.038086 0.027344
0 0.213379 0.848633 0.034180 0.046875
0 0.177246 0.847168 0.034180 0.026367
0 0.256836 0.855469 0.042969 0.042969
0 0.378418 0.875977 0.043945 0.070312
0 0.633301 0.862793 0.026367 0.032227
0 0.832031 0.865234 0.021484 0.031250
0 0.300781 0.871582 0.044922 0.032227
0 0.984863 0.870605 0.030273 0.026367
0 0.756836 0.879395 0.031250 0.034180
0 0.921875 0.878418 0.037109 0.030273
0 0.335938 0.885742 0.041016 0.039062
0 0.067383 0.902832 0.039062 0.040039
0 0.838867 0.898926 0.021484 0.030273
0 0.762695 0.921875 0.037109 0.039062
0 0.473633 0.928223 0.044922 0.043945
0 0.918945 0.922852 0.021484 0.031250
0 0.158691 0.930664 0.041992 0.042969
0 0.200195 0.926270 0.035156 0.034180
0 0.835938 0.939453 0.031250 0.039062
0 0.051758 0.961426 0.037109 0.077148
0 0.242188 0.940430 0.037109 0.033203
0 0.279785 0.948242 0.034180 0.027344
0 0.767578 0.960449 0.037109 0.040039
0 0.360840 0.969727 0.038086 0.035156
0 0.459473 0.979980 0.040039 0.036133
0 0.846191 0.980469 0.030273 0.037109
0 0.143555 0.986328 0.039062 0.027344
0 0.406250 0.986816 0.050781 0.026367
0 0.769043 0.991699 0.020508 0.016602
0 0.100586 0.992188 0.039062 0.015625
1 0.184082 0.011230 0.024414 0.022461
1 0.251953 0.014648 0.023438 0.029297
1 0.177246 0.043457 0.026367 0.041992
1 0.666016 0.071289 0.039062 0.035156
1 0.167480 0.085938 0.024414 0.035156
1 0.408203 0.102539 0.037109 0.042969
1 0.653320 0.108887 0.035156 0.041992
1 0.325195 0.109375 0.029297 0.037109
1 0.489746 0.109863 0.032227 0.036133
1 0.813477 0.119629 0.029297 0.038086
1 0.471680 0.170410 0.037109 0.084961
1 0.554199 0.190430 0.024414 0.037109
1 0.138672 0.208008 0.027344 0.031250
1 0.373047 0.223633 0.021484 0.039062
1 0.294922 0.227051 0.039062 0.038086
1 0.636719 0.233398 0.027344 0.041016
1 0.290039 0.288086 0.050781 0.087891
1 0.473145 0.287109 0.030273 0.041016
1 0.192383 0.292480 0.027344 0.043945
1 0.115723 0.330566 0.028320 0.036133
1 0.343750 0.360352 0.031250 0.046875
1 0.697266 0.388184 0.039062 0.041992
1 0.276367 0.429199 0.042969 0.030273
1 0.364258 0.446289 0.033203 0.031250
1 0.894531 0.478516 0.087891 0.082031
1 0.155273 0.489746 0.048828 0.030273
1 0.654297 0.496582 0.037109 0.041992
1 0.563965 0.494141 0.020508 0.031250
1 0.293457 0.522461 0.034180 0.023438
1 0.664551 0.537598 0.032227 0.038086
1 0.580078 0.541016 0.033203 0.039062
1 0.386719 0.545410 0.070312 0.034180
1 0.058594 0.576172 0.027344 0.037109
1 0.177734 0.577637 0.035156 0.041992
1 0.586426 0.578613 0.040039 0.040039
1 0.595703 0.626465 0.058594 0.051758
1 0.043945 0.623047 0.033203 0.035156
1 0.436035 0.642090 0.063477 0.040039
1 0.781250 0.643555 0.046875 0.039062
1 0.705078 0.658691 0.029297 0.045898
1 0.331543 0.690918 0.036133 0.045898
1 0.374023 0.708984 0.033203 0.027344
1 0.904297 0.807129 0.027344 0.036133
1 0.539551 0.810059 0.041992 0.032227
1 0.913574 0.847168 0.034180 0.036133
1 0.465820 0.888184 0.044922 0.043945
1 0.118652 0.908203 0.036133 0.033203
1 0.314453 0.967285 0.048828 0.053711
1 0.942871 0.970215 0.043945 0.041992
1 0.983398 0.978516 0.033203 0.025391
2 0.672852 0.029297 0.037109 0.035156
2 0.752930 0.047852 0.025391 0.039062
2 0.731934 0.135742 0.034180 0.046875
2 0.725586 0.179688 0.042969 0.042969
2 0.800293 0.426270 0.034180 0.038086
2 0.828613 0.508301 0.041992 0.045898
2 0.766113 0.567383 0.032227 0.037109
2 0.166992 0.656250 0.035156 0.035156
2 0.980957 0.833496 0.038086 0.045898
