0 0.549805 0.013184 0.027344 0.026367
0 0.779785 0.018066 0.030273 0.036133
0 0.992676 0.008789 0.014648 0.017578
0 0.924316 0.034180 0.024414 0.037109
0 0.521973 0.044922 0.040039 0.048828
0 0.890137 0.048828 0.038086 0.029297
0 0.814453 0.044434 0.011719 0.008789
0 0.139160 0.109375 0.102539 0.111328
0 0.790039 0.074707 0.035156 0.032227
0 0.887207 0.130859 0.034180 0.029297
0 0.614746 0.131348 0.018555 0.022461
0 0.583008 0.136230 0.033203 0.028320
0 0.550293 0.142578 0.034180 0.035156
0 0.818359 0.154297 0.035156 0.033203
0 0.267090 0.167969 0.020508 0.029297
0 0.952148 0.185059 0.037109 0.038086
0 0.715820 0.185059 0.039062 0.032227
0 0.687988 0.201172 0.032227 0.046875
0 0.813965 0.238281 0.030273 0.025391
0 0.768555 0.243164 0.023438 0.023438
0 0.468262 0.250000 0.036133 0.025391
0 0.746582 0.268066 0.040039 0.038086
0 0.983398 0.279785 0.033203 0.049805
0 0.789551 0.280273 0.038086 0.042969
0 0.941406 0.276367 0.033203 0.033203
0 0.586426 0.275391 0.014648 0.021484
0 0.475586 0.281250 0.033203 0.031250
0 0.872559 0.312012 0.045898 0.028320
0 0.479004 0.317383 0.040039 0.037109
0 0.920898 0.306152 0.011719 0.012695
0 0.965332 0.310059 0.016602 0.018555
0 0.684570 0.325195 0.035156 0.033203
0 0.714355 0.342773 0.038086 0.037109
0 0.580078 0.355957 0.035156 0.040039
0 0.503906 0.387207 0.037109 0.043945
0 0.854980 0.386719 0.032227 0.035156
0 0.693359 0.383301 0.015625 0.010742
0 0.987305 0.420898 0.025391 0.027344
0 0.555176 0.447754 0.040039 0.040039
0 0.854004 0.457031 0.036133 0.029297
0 0.883301 0.467773 0.026367 0.025391
0 0.453125 0.474609 0.035156 0.035156
0 0.991699 0.467285 0.016602 0.014648
0 0.368164 0.490723 0.029297 0.040039
0 0.008301 0.498535 0.016602 0.040039
0 0.987793 0.495117 0.024414 0.027344
0 0.760254 0.514160 0.040039 0.036133
0 0.385742 0.525879 0.031250 0.036133
0 0.007324 0.544922 0.014648 0.041016
0 0.861328 0.539551 0.021484 0.024414
0 0.903809 0.555176 0.026367 0.026367
0 0.935059 0.559570 0.034180 0.031250
0 0.964355 0.577637 0.040039 0.043945
0 0.020020 0.596191 0.040039 0.053711
0 0.511230 0.604492 0.036133 0.031250
0 0.546875 0.617676 0.037109 0.032227
0 0.581055 0.626953 0.041016 0.037109
0 0.685547 0.652832 0.037109 0.030273
0 0.718262 0.659180 0.038086 0.041016
0 0.981934 0.762695 0.028320 0.027344
0 0.286133 0.979980 0.031250 0.040039
1 0.386719 0.006836 0.023438 0.013672
1 0.592773 0.009277 0.025391 0.018555
1 0.629883 0.014648 0.041016 0.029297
1 0.668945 0.014160 0.033203 0.026367
1 0.724121 0.022949 0.061523 0.043945
1 0.831055 0.013672 0.039062 0.027344
1 0.876953 0.023438 0.019531 0.017578
1 0.469238 0.060059 0.045898 0.040039
1 0.857910 0.059082 0.036133 0.028320
1 0.819824 0.065918 0.032227 0.034180
1 0.375488 0.091797 0.043945 0.044922
1 0.754883 0.088379 0.033203 0.022461
1 0.483887 0.104492 0.043945 0.042969
1 0.606934 0.105957 0.016602 0.022461
1 0.921387 0.123535 0.036133 0.030273
1 0.393555 0.135254 0.046875 0.032227
1 0.854980 0.145020 0.040039 0.030273
1 0.512695 0.159180 0.035156 0.029297
1 0.785156 0.165039 0.035156 0.039062
1 0.477051 0.166992 0.030273 0.027344
1 0.754883 0.180176 0.029297 0.049805
1 0.185547 0.215820 0.076172 0.103516
1 0.413086 0.182617 0.029297 0.029297
1 0.987305 0.189453 0.025391 0.029297
1 0.291992 0.212891 0.050781 0.041016
1 0.882812 0.206543 0.033203 0.030273
1 0.847168 0.220703 0.038086 0.033203
1 0.579590 0.222168 0.026367 0.022461
1 0.707031 0.244141 0.031250 0.037109
1 0.410645 0.260254 0.045898 0.028320
1 0.633301 0.266602 0.038086 0.037109
1 0.561523 0.284180 0.033203 0.035156
1 0.901855 0.282715 0.040039 0.032227
1 0.313965 0.289062 0.036133 0.025391
1 0.651855 0.300293 0.034180 0.032227
1 0.573242 0.318848 0.054688 0.036133
1 0.619141 0.313477 0.021484 0.025391
1 0.937012 0.329102 0.049805 0.037109
1 0.414551 0.329102 0.012695 0.021484
1 0.980469 0.343750 0.031250 0.027344
1 0.495117 0.350586 0.025391 0.031250
1 0.784668 0.359863 0.038086 0.045898
1 0.750000 0.356445 0.031250 0.033203
1 0.468262 0.371582 0.012695 0.022461
1 0.607422 0.389648 0.035156 0.029297
1 0.892090 0.391602 0.028320 0.027344
1 0.441895 0.421875 0.041992 0.072266
1 0.922852 0.401855 0.037109 0.032227
1 0.681152 0.410645 0.036133 0.028320
1 0.958008 0.412109 0.037109 0.031250
1 0.525879 0.418945 0.034180 0.041016
1 0.717773 0.427246 0.039062 0.041992
1 0.746094 0.428223 0.025391 0.024414
1 0.781738 0.434082 0.030273 0.030273
1 0.818359 0.444824 0.037109 0.034180
1 0.500000 0.451172 0.015625 0.015625
1 0.625000 0.471191 0.039062 0.043945
1 0.483398 0.464355 0.025391 0.024414
1 0.972656 0.464355 0.021484 0.018555
1 0.921875 0.478027 0.035156 0.028320
1 0.659668 0.486328 0.036133 0.041016
1 0.958008 0.483398 0.044922 0.035156
1 0.691895 0.494141 0.034180 0.029297
1 0.482910 0.501953 0.036133 0.035156
1 0.727051 0.503906 0.038086 0.035156
1 0.521484 0.520020 0.037109 0.032227
1 0.627441 0.508789 0.012695 0.009766
1 0.798828 0.528320 0.031250 0.037109
1 0.554688 0.529785 0.033203 0.026367
1 0.831543 0.535156 0.034180 0.033203
1 0.588379 0.540527 0.034180 0.028320
1 0.544434 0.746094 0.631836 0.421875
1 0.407715 0.555176 0.041992 0.038086
1 0.659180 0.557129 0.037109 0.032227
1 0.690430 0.569336 0.033203 0.029297
1 0.438965 0.579590 0.038086 0.036133
1 0.765625 0.583008 0.042969 0.041016
1 0.814453 0.596680 0.058594 0.050781
1 0.479004 0.596680 0.034180 0.027344
1 0.864746 0.614258 0.030273 0.035156
1 0.937500 0.627930 0.039062 0.035156
1 0.897461 0.626953 0.029297 0.029297
1 0.972168 0.634766 0.036133 0.035156
1 0.615234 0.637695 0.037109 0.037109
1 0.651367 0.644531 0.039062 0.031250
1 0.583984 0.655273 0.017578 0.015625
1 0.754395 0.673340 0.034180 0.026367
1 0.789062 0.681152 0.041016 0.028320
1 0.061035 0.698242 0.063477 0.052734
1 0.856445 0.701660 0.041016 0.053711
1 0.820801 0.698242 0.040039 0.037109
1 0.892578 0.718262 0.035156 0.038086
1 0.924316 0.718262 0.020508 0.018555
1 0.959473 0.730957 0.038086 0.030273
1 0.812500 0.721680 0.009766 0.009766
1 0.102051 0.801758 0.063477 0.035156
1 0.967285 0.820312 0.065430 0.056641
1 0.315918 0.895020 0.084961 0.063477
1 0.887695 0.952637 0.037109 0.034180
1 0.904785 0.992188 0.071289 0.015625
2 0.322754 0.021484 0.038086 0.042969
2 0.744141 0.012207 0.037109 0.024414
2 0.427246 0.071777 0.040039 0.049805
2 0.535645 0.090332 0.045898 0.051758
2 0.720703 0.098145 0.037109 0.028320
2 0.684570 0.104980 0.035156 0.028320
2 0.437988 0.118652 0.040039 0.049805
2 0.958496 0.123535 0.032227 0.041992
2 0.987793 0.128906 0.024414 0.048828
2 0.445801 0.177246 0.036133 0.028320
2 0.621094 0.215332 0.029297 0.038086
2 0.333496 0.333008 0.034180 0.074219
2 0.424316 0.369141 0.034180 0.037109
2 0.819336 0.371582 0.037109 0.026367
2 0.202148 0.409668 0.111328 0.098633
2 0.341797 0.386230 0.029297 0.036133
2 0.644531 0.397949 0.031250 0.034180
2 0.715820 0.389648 0.011719 0.009766
2 0.339355 0.420410 0.045898 0.036133
2 0.867676 0.429688 0.012695 0.011719
2 0.353516 0.457520 0.039062 0.040039
2 0.586914 0.464355 0.039062 0.043945
2 0.524414 0.493652 0.027344 0.022461
2 0.339355 0.491699 0.012695 0.012695
2 0.593750 0.498047 0.011719 0.011719
2 0.623535 0.547852 0.036133 0.031250
2 0.726562 0.576660 0.035156 0.028320
2 0.987305 0.744141 0.025391 0.029297
2 0.094727 0.918945 0.072266 0.162109
