0 0.858887 0.009766 0.055664 0.019531
0 0.863770 0.108887 0.049805 0.053711
0 0.953613 0.222168 0.049805 0.063477
0 0.983398 0.249023 0.033203 0.050781
0 0.806641 0.290527 0.052734 0.069336
0 0.917969 0.364746 0.017578 0.020508
0 0.736328 0.392578 0.048828 0.039062
0 0.829102 0.406250 0.033203 0.037109
0 0.894043 0.432129 0.032227 0.036133
0 0.928711 0.446777 0.035156 0.038086
0 0.987793 0.473145 0.024414 0.038086
0 0.675781 0.493164 0.048828 0.035156
0 0.816406 0.495117 0.035156 0.031250
0 0.880859 0.521973 0.033203 0.036133
0 0.664551 0.532227 0.041992 0.039062
0 0.814941 0.519043 0.016602 0.014648
0 0.912598 0.534180 0.034180 0.039062
0 0.942871 0.549805 0.034180 0.042969
0 0.978516 0.563965 0.042969 0.034180
0 0.918457 0.605957 0.036133 0.045898
0 0.787109 0.648438 0.035156 0.046875
0 0.723145 0.664551 0.010742 0.012695
0 0.013184 0.753418 0.026367 0.069336
0 0.651367 0.853516 0.013672 0.011719
0 0.994141 0.913574 0.011719 0.032227
0 0.875000 0.958008 0.041016 0.037109
0 0.911133 0.972168 0.033203 0.055664
0 0.566406 0.985352 0.033203 0.029297
0 0.937500 0.985352 0.044922 0.029297
0 0.793945 0.989746 0.050781 0.020508
1 0.959961 0.011719 0.035156 0.023438
1 0.855957 0.051758 0.041992 0.050781
1 0.857422 0.164062 0.041016 0.042969
1 0.833984 0.222656 0.046875 0.054688
1 0.917480 0.320312 0.043945 0.052734
1 0.798828 0.390625 0.042969 0.037109
1 0.860352 0.418945 0.037109 0.039062
1 0.961914 0.458008 0.035156 0.035156
1 0.774902 0.482422 0.038086 0.044922
1 0.845703 0.513672 0.039062 0.042969
1 0.762695 0.543457 0.072266 0.055664
1 0.649414 0.564453 0.039062 0.037109
1 0.813965 0.562012 0.040039 0.034180
1 0.881348 0.592285 0.034180 0.030273
1 0.746582 0.627930 0.036133 0.046875
1 0.946289 0.621094 0.039062 0.033203
1 0.980957 0.633301 0.038086 0.045898
1 0.815918 0.655273 0.041992 0.037109
1 0.868164 0.672852 0.072266 0.050781
1 0.757324 0.700195 0.043945 0.037109
1 0.952148 0.707031 0.035156 0.039062
1 0.825195 0.726562 0.039062 0.035156
1 0.859375 0.737793 0.037109 0.040039
1 0.891602 0.755371 0.035156 0.036133
1 0.957520 0.786621 0.040039 0.036133
1 0.768555 0.798828 0.066406 0.052734
1 0.554688 0.797363 0.046875 0.040039
1 0.987305 0.806641 0.025391 0.044922
1 0.819824 0.812500 0.038086 0.041016
1 0.544922 0.830566 0.037109 0.040039
1 0.852539 0.833496 0.042969 0.041992
1 0.886230 0.846680 0.043945 0.042969
1 0.522461 0.860352 0.054688 0.050781
1 0.918457 0.858887 0.040039 0.034180
1 0.731934 0.891113 0.047852 0.051758
1 0.511719 0.890625 0.039062 0.033203
1 0.806152 0.922852 0.040039 0.041016
1 0.845215 0.938965 0.036133 0.049805
1 0.581055 0.961914 0.048828 0.033203
2 0.969238 0.102051 0.045898 0.053711
2 0.871094 0.319336 0.041016 0.042969
2 0.963379 0.342285 0.043945 0.051758
2 0.993164 0.365723 0.013672 0.049805
2 0.702148 0.424805 0.046875 0.039062
2 0.690430 0.461426 0.037109 0.040039
2 0.848633 0.578125 0.039062 0.041016
2 0.632324 0.598145 0.041992 0.040039
2 0.717285 0.610352 0.038086 0.037109
2 0.622559 0.631836 0.036133 0.041016
2 0.603027 0.680664 0.051758 0.076172
2 0.693359 0.674805 0.037109 0.046875
2 0.723145 0.690918 0.040039 0.036133
2 0.917969 0.696289 0.033203 0.037109
2 0.793945 0.714844 0.037109 0.046875
2 0.583008 0.728516 0.044922 0.039062
2 0.980957 0.734375 0.038086 0.044922
2 0.666016 0.747559 0.042969 0.040039
2 0.567383 0.759766 0.052734 0.037109
2 0.926758 0.770020 0.037109 0.043945
2 0.717773 0.783203 0.037109 0.037109
2 0.659180 0.786133 0.060547 0.041016
2 0.633301 0.816895 0.036133 0.041992
2 0.626465 0.857910 0.040039 0.045898
2 0.942871 0.878418 0.038086 0.049805
2 0.979492 0.895020 0.041016 0.040039
2 0.608887 0.925781 0.061523 0.048828
2 0.495605 0.944824 0.057617 0.081055
2 0.009766 0.951660 0.017578 0.020508
2 0.700684 0.967285 0.040039 0.041992
2 0.478516 0.989258 0.041016 0.021484
2 0.698242 0.992188 0.039062 0.015625
