0 0.602539 0.041992 0.044922 0.044922
0 0.448242 0.081543 0.044922 0.047852
0 0.840332 0.083008 0.024414 0.033203
0 0.879395 0.099121 0.077148 0.063477
0 0.644531 0.089355 0.023438 0.024414
0 0.549805 0.104004 0.039062 0.043945
0 0.644531 0.140625 0.039062 0.048828
0 0.580078 0.148926 0.011719 0.010742
0 0.737793 0.180664 0.045898 0.046875
0 0.479492 0.198730 0.041016 0.045898
0 0.708984 0.214844 0.037109 0.052734
0 0.347168 0.213379 0.045898 0.045898
0 0.459473 0.227051 0.045898 0.043945
0 0.776367 0.230957 0.039062 0.043945
0 0.681641 0.242188 0.044922 0.044922
0 0.288574 0.250977 0.012695 0.013672
0 0.651367 0.266113 0.048828 0.043945
0 0.773438 0.266602 0.017578 0.017578
0 0.830566 0.291992 0.041992 0.042969
0 0.625000 0.299316 0.048828 0.045898
0 0.968262 0.297852 0.043945 0.041016
0 0.498047 0.306152 0.044922 0.049805
0 0.269043 0.322754 0.040039 0.041992
0 0.372559 0.334473 0.041992 0.063477
0 0.405762 0.354492 0.034180 0.048828
0 0.889160 0.352051 0.036133 0.038086
0 0.440918 0.373047 0.040039 0.042969
0 0.216309 0.384766 0.051758 0.041016
0 0.325684 0.389160 0.041992 0.036133
0 0.621094 0.395996 0.042969 0.043945
0 0.418457 0.458008 0.041992 0.035156
0 0.495605 0.455566 0.010742 0.012695
0 0.496582 0.477539 0.012695 0.015625
0 0.110840 0.480957 0.012695 0.010742
0 0.096680 0.538574 0.058594 0.043945
0 0.666504 0.540039 0.040039 0.046875
0 0.848633 0.561035 0.050781 0.041992
0 0.760742 0.610840 0.039062 0.040039
0 0.944824 0.627441 0.041992 0.045898
0 0.784180 0.621094 0.015625 0.015625
0 0.737793 0.635254 0.018555 0.016602
0 0.391602 0.658203 0.037109 0.046875
0 0.016113 0.662109 0.032227 0.041016
0 0.166504 0.672363 0.012695 0.012695
0 0.862305 0.721191 0.019531 0.022461
0 0.108887 0.736328 0.038086 0.039062
0 0.385742 0.730469 0.013672 0.015625
0 0.027832 0.787598 0.041992 0.045898
0 0.063477 0.816406 0.039062 0.050781
0 0.163574 0.894043 0.053711 0.047852
0 0.032227 0.916992 0.035156 0.046875
0 0.243164 0.937500 0.039062 0.044922
0 0.204102 0.981934 0.060547 0.036133
1 0.493652 0.020996 0.036133 0.041992
1 0.800293 0.019043 0.051758 0.038086
1 0.717773 0.027344 0.039062 0.044922
1 0.472656 0.052734 0.041016 0.042969
1 0.828613 0.053223 0.043945 0.040039
1 0.771484 0.088867 0.039062 0.042969
1 0.675293 0.111328 0.043945 0.050781
1 0.803711 0.112793 0.050781 0.043945
1 0.530762 0.136719 0.040039 0.044922
1 0.403809 0.142090 0.041992 0.051758
1 0.824707 0.143066 0.038086 0.051758
1 0.614258 0.167480 0.041016 0.047852
1 0.869629 0.196289 0.067383 0.074219
1 0.579102 0.200195 0.037109 0.048828
1 0.552246 0.233398 0.040039 0.050781
1 0.325684 0.240723 0.049805 0.047852
1 0.914062 0.241699 0.046875 0.040039
1 0.985352 0.239746 0.015625 0.016602
1 0.805664 0.260254 0.041016 0.045898
1 0.429688 0.263672 0.041016 0.042969
1 0.523438 0.268555 0.044922 0.046875
1 0.941895 0.272949 0.043945 0.045898
1 0.298828 0.274902 0.066406 0.045898
1 0.860352 0.324707 0.039062 0.047852
1 0.600098 0.333008 0.045898 0.041016
1 0.575195 0.361328 0.046875 0.041016
1 0.909668 0.390137 0.055664 0.061523
1 0.488770 0.411621 0.075195 0.073242
1 0.353516 0.412598 0.039062 0.045898
1 0.654297 0.416992 0.041016 0.050781
1 0.954102 0.412598 0.039062 0.041992
1 0.196777 0.416016 0.047852 0.046875
1 0.988281 0.425781 0.023438 0.041016
1 0.536133 0.443848 0.037109 0.038086
1 0.689453 0.447266 0.046875 0.042969
1 0.175293 0.449219 0.040039 0.039062
1 0.286133 0.473145 0.070312 0.065430
1 0.722656 0.463867 0.044922 0.042969
1 0.584961 0.485352 0.082031 0.076172
1 0.149902 0.475098 0.051758 0.040039
1 0.753906 0.489746 0.044922 0.040039
1 0.457520 0.494629 0.043945 0.043945
1 0.329102 0.509766 0.046875 0.044922
1 0.634277 0.514160 0.036133 0.041992
1 0.786621 0.513672 0.045898 0.041016
1 0.126465 0.513184 0.049805 0.038086
1 0.235840 0.517090 0.043945 0.040039
1 0.360352 0.531738 0.044922 0.040039
1 0.694336 0.565918 0.046875 0.049805
1 0.078613 0.573242 0.045898 0.039062
1 0.323730 0.575195 0.043945 0.039062
1 0.877441 0.578613 0.041992 0.045898
1 0.729492 0.590820 0.042969 0.054688
1 0.425781 0.587402 0.042969 0.040039
1 0.052246 0.600098 0.051758 0.038086
1 0.305664 0.616211 0.039062 0.042969
1 0.172852 0.614746 0.056641 0.038086
1 0.411621 0.622559 0.038086 0.041992
1 0.146484 0.641113 0.042969 0.049805
1 0.983887 0.666992 0.032227 0.050781
1 0.121094 0.671387 0.039062 0.047852
1 0.854980 0.680664 0.045898 0.044922
1 0.374512 0.689941 0.047852 0.043945
1 0.891113 0.710938 0.040039 0.054688
1 0.234375 0.728516 0.066406 0.080078
1 0.083984 0.713379 0.037109 0.047852
1 0.349121 0.724121 0.040039 0.040039
1 0.918457 0.733398 0.047852 0.052734
1 0.564453 0.784668 0.046875 0.057617
1 0.174316 0.784180 0.038086 0.039062
1 0.206543 0.808105 0.043945 0.041992
1 0.449219 0.886230 0.136719 0.159180
1 0.785645 0.833496 0.030273 0.032227
1 0.099121 0.848633 0.043945 0.052734
1 0.325684 0.833984 0.014648 0.013672
1 0.935059 0.864258 0.045898 0.021484
1 0.924805 0.878418 0.046875 0.020508
1 0.062500 0.888672 0.039062 0.039062
1 0.683105 0.947754 0.114258 0.104492
1 0.014160 0.937012 0.028320 0.036133
1 0.132324 0.939941 0.047852 0.043945
1 0.114258 0.974609 0.041016 0.042969
1 0.905273 0.984375 0.072266 0.031250
2 0.690430 0.008789 0.039062 0.017578
2 0.941406 0.052246 0.048828 0.049805
2 0.744141 0.055176 0.039062 0.045898
2 0.577637 0.076172 0.049805 0.041016
2 0.941406 0.083984 0.015625 0.015625
2 0.425781 0.111328 0.041016 0.046875
2 0.507812 0.168945 0.050781 0.041016
2 0.376465 0.176270 0.043945 0.045898
2 0.244141 0.356934 0.039062 0.041992
2 0.385742 0.431641 0.041016 0.042969
2 0.817383 0.539551 0.050781 0.043945
2 0.201172 0.562012 0.066406 0.077148
2 0.454102 0.552246 0.044922 0.040039
2 0.913574 0.603027 0.047852 0.047852
2 0.034180 0.635254 0.041016 0.040039
2 0.284180 0.645020 0.050781 0.040039
2 0.815430 0.652344 0.050781 0.048828
2 0.434570 0.643066 0.009766 0.010742
2 0.268555 0.682129 0.041016 0.041992
2 0.219238 0.677734 0.016602 0.015625
2 0.949707 0.751465 0.049805 0.045898
2 0.144531 0.755371 0.048828 0.043945
2 0.331543 0.758301 0.034180 0.045898
2 0.314453 0.790527 0.042969 0.047852
2 0.859375 0.812500 0.083984 0.080078
2 0.295898 0.827148 0.046875 0.044922
2 0.007324 0.840820 0.014648 0.035156
2 0.276855 0.856445 0.040039 0.046875
2 0.007812 0.884277 0.015625 0.040039
3 0.270996 0.545898 0.012695 0.013672
3 0.468262 0.585938 0.016602 0.015625
3 0.374023 0.749023 0.013672 0.013672
3 0.995605 0.762695 0.008789 0.033203
3 0.794922 0.780762 0.046875 0.047852
3 0.491699 0.800781 0.024414 0.023438
3 0.203613 0.919434 0.036133 0.049805
