0 0.032227 0.005859 0.042969 0.011719
0 0.104980 0.010742 0.032227 0.021484
0 0.109375 0.034180 0.033203 0.033203
0 0.921387 0.062988 0.053711 0.045898
0 0.825684 0.078613 0.041992 0.047852
0 0.271484 0.084473 0.037109 0.032227
0 0.369629 0.102051 0.038086 0.034180
0 0.210449 0.102051 0.032227 0.032227
0 0.281738 0.114258 0.040039 0.031250
0 0.926758 0.154297 0.037109 0.042969
0 0.384277 0.161621 0.040039 0.032227
0 0.387695 0.188965 0.039062 0.032227
0 0.012695 0.213379 0.023438 0.030273
0 0.395996 0.219238 0.040039 0.032227
0 0.316406 0.244141 0.029297 0.033203
0 0.874023 0.269531 0.048828 0.041016
0 0.773926 0.286621 0.063477 0.055664
0 0.183594 0.314453 0.033203 0.027344
0 0.627441 0.322266 0.034180 0.031250
0 0.035645 0.326660 0.041992 0.030273
0 0.421387 0.333984 0.040039 0.033203
0 0.333984 0.339844 0.037109 0.031250
0 0.286621 0.383301 0.038086 0.032227
0 0.325195 0.418457 0.037109 0.045898
0 0.061035 0.414551 0.041992 0.034180
0 0.005859 0.413086 0.011719 0.029297
0 0.780762 0.424316 0.024414 0.030273
0 0.856934 0.444824 0.084961 0.041992
0 0.015625 0.481445 0.031250 0.027344
0 0.994141 0.495605 0.011719 0.034180
0 0.089844 0.497559 0.037109 0.032227
0 0.104980 0.569824 0.038086 0.030273
0 0.491211 0.580566 0.033203 0.034180
0 0.053223 0.586426 0.043945 0.040039
0 0.962891 0.592773 0.044922 0.048828
0 0.867676 0.602539 0.047852 0.058594
0 0.237793 0.616211 0.030273 0.031250
0 0.325195 0.671875 0.037109 0.033203
0 0.292480 0.680664 0.034180 0.031250
0 0.258301 0.688965 0.032227 0.026367
0 0.224121 0.695312 0.034180 0.027344
0 0.445801 0.734863 0.032227 0.036133
0 0.279785 0.759766 0.034180 0.037109
0 0.457520 0.769043 0.026367 0.036133
0 0.247070 0.769531 0.031250 0.031250
0 0.986328 0.782715 0.027344 0.043945
0 0.391602 0.776855 0.025391 0.026367
0 0.540527 0.790039 0.036133 0.035156
0 0.017578 0.798340 0.033203 0.041992
0 0.916504 0.802246 0.045898 0.047852
0 0.545898 0.826660 0.031250 0.038086
0 0.319824 0.835449 0.020508 0.020508
0 0.418457 0.866211 0.032227 0.035156
0 0.286133 0.888672 0.046875 0.070312
0 0.993652 0.871094 0.012695 0.033203
0 0.130859 0.882812 0.033203 0.042969
0 0.945801 0.931641 0.047852 0.039062
0 0.216797 0.932129 0.035156 0.036133
0 0.153320 0.950195 0.039062 0.033203
0 0.503906 0.976562 0.039062 0.046875
0 0.958008 0.983887 0.046875 0.032227
0 0.686523 0.984863 0.056641 0.030273
0 0.080566 0.994141 0.040039 0.011719
1 0.190430 0.014160 0.035156 0.028320
1 0.341797 0.014648 0.029297 0.029297
1 0.485840 0.082520 0.092773 0.165039
1 0.806152 0.008789 0.043945 0.017578
1 0.912109 0.020508 0.041016 0.041016
1 0.740723 0.038086 0.051758 0.041016
1 0.826172 0.038574 0.062500 0.040039
1 0.193848 0.042969 0.034180 0.033203
1 0.345703 0.039062 0.023438 0.017578
1 0.272461 0.054688 0.027344 0.031250
1 0.202637 0.071289 0.032227 0.031250
1 0.126465 0.089355 0.032227 0.030273
1 0.799316 0.093262 0.020508 0.020508
1 0.759277 0.121094 0.051758 0.064453
1 0.132812 0.121094 0.033203 0.035156
1 0.825195 0.141602 0.039062 0.050781
1 0.373047 0.132812 0.035156 0.029297
1 0.072754 0.151367 0.045898 0.064453
1 0.286621 0.145508 0.038086 0.033203
1 0.141602 0.153809 0.033203 0.030273
1 0.865723 0.172363 0.043945 0.057617
1 0.105469 0.165527 0.013672 0.016602
1 0.298828 0.176758 0.035156 0.037109
1 0.150391 0.185059 0.035156 0.030273
1 0.906738 0.187500 0.010742 0.019531
1 0.779297 0.205566 0.046875 0.045898
1 0.894531 0.199219 0.015625 0.015625
1 0.158203 0.232422 0.048828 0.066406
1 0.098145 0.229492 0.038086 0.033203
1 0.246094 0.226562 0.037109 0.027344
1 0.520508 0.251465 0.085938 0.055664
1 0.016113 0.241211 0.032227 0.033203
1 0.790039 0.247070 0.042969 0.042969
1 0.402344 0.247559 0.042969 0.032227
1 0.252930 0.257324 0.035156 0.032227
1 0.116211 0.276855 0.048828 0.067383
1 0.018555 0.271973 0.037109 0.038086
1 0.318848 0.274414 0.040039 0.037109
1 0.171387 0.278320 0.040039 0.031250
1 0.030273 0.302734 0.037109 0.033203
1 0.326660 0.303711 0.028320 0.029297
1 0.416016 0.306152 0.039062 0.032227
1 0.124512 0.324219 0.040039 0.033203
1 0.587891 0.331543 0.035156 0.043945
1 0.528809 0.343750 0.065430 0.037109
1 0.280762 0.351074 0.040039 0.030273
1 0.135254 0.354980 0.034180 0.030273
1 0.424316 0.364258 0.038086 0.035156
1 0.200195 0.374023 0.037109 0.027344
1 0.051758 0.384277 0.037109 0.036133
1 0.148926 0.384277 0.040039 0.034180
1 0.204590 0.407227 0.038086 0.033203
1 0.353516 0.414551 0.039062 0.041992
1 0.150879 0.419922 0.038086 0.035156
1 0.012207 0.445312 0.024414 0.035156
1 0.190430 0.452637 0.039062 0.041992
1 0.466797 0.467285 0.039062 0.034180
1 0.475098 0.498535 0.047852 0.034180
1 0.387695 0.501465 0.035156 0.036133
1 0.030762 0.516113 0.053711 0.040039
1 0.482910 0.545898 0.032227 0.033203
1 0.410645 0.573242 0.032227 0.039062
1 0.377441 0.581543 0.032227 0.036133
1 0.340820 0.586914 0.039062 0.031250
1 0.308594 0.599121 0.031250 0.028320
1 0.269531 0.609375 0.027344 0.029297
1 0.059082 0.627441 0.036133 0.036133
1 0.127930 0.632812 0.035156 0.035156
1 0.096191 0.636230 0.012695 0.016602
1 0.512695 0.653809 0.060547 0.034180
1 0.398438 0.654297 0.033203 0.031250
1 0.362305 0.666016 0.031250 0.025391
1 0.065430 0.672363 0.033203 0.032227
1 0.514648 0.686523 0.031250 0.033203
1 0.968750 0.695801 0.044922 0.040039
1 0.078613 0.702637 0.038086 0.034180
1 0.526367 0.724609 0.050781 0.039062
1 0.156250 0.729492 0.037109 0.041016
1 0.309570 0.733398 0.035156 0.031250
1 0.277344 0.725098 0.013672 0.012695
1 0.905762 0.744141 0.040039 0.048828
1 0.092773 0.748047 0.041016 0.044922
1 0.014160 0.759766 0.028320 0.041016
1 0.531738 0.756348 0.040039 0.036133
1 0.685059 0.772461 0.098633 0.058594
1 0.110352 0.784668 0.041016 0.038086
1 0.419434 0.791504 0.012695 0.030273
1 0.180176 0.799316 0.038086 0.034180
1 0.464355 0.804688 0.030273 0.037109
1 0.104492 0.818848 0.046875 0.034180
1 0.373535 0.822754 0.032227 0.038086
1 0.987793 0.832031 0.024414 0.041016
1 0.023926 0.831055 0.047852 0.037109
1 0.269043 0.837402 0.032227 0.036133
1 0.189941 0.833984 0.032227 0.027344
1 0.471191 0.841797 0.032227 0.033203
1 0.556152 0.859863 0.038086 0.036133
1 0.703613 0.884277 0.063477 0.069336
1 0.040527 0.870117 0.036133 0.033203
1 0.378418 0.894531 0.028320 0.019531
1 0.049316 0.902832 0.040039 0.030273
1 0.208496 0.902832 0.034180 0.032227
1 0.140625 0.920410 0.039062 0.032227
1 0.570801 0.928711 0.034180 0.031250
1 0.059082 0.935547 0.040039 0.035156
1 0.493652 0.942871 0.030273 0.030273
1 0.013672 0.967285 0.027344 0.065430
1 0.226074 0.970703 0.034180 0.037109
1 0.395996 0.970215 0.038086 0.038086
1 0.444336 0.972168 0.035156 0.032227
1 0.308594 0.973633 0.033203 0.033203
1 0.164062 0.985352 0.037109 0.029297
1 0.586914 0.990723 0.037109 0.018555
2 0.249512 0.006348 0.034180 0.012695
2 0.033203 0.021484 0.025391 0.031250
2 0.261230 0.028809 0.038086 0.034180
2 0.050293 0.053223 0.034180 0.032227
2 0.110352 0.062012 0.052734 0.034180
2 0.053711 0.080566 0.033203 0.032227
2 0.064941 0.108887 0.038086 0.036133
2 0.228516 0.168457 0.035156 0.028320
2 0.091797 0.196289 0.039062 0.033203
2 0.238281 0.195312 0.035156 0.031250
2 0.302246 0.211914 0.041992 0.037109
2 0.410645 0.278809 0.040039 0.036133
2 0.270508 0.301270 0.050781 0.065430
2 0.194336 0.340332 0.037109 0.028320
2 0.040039 0.353027 0.041016 0.030273
2 0.346680 0.363770 0.046875 0.026367
2 0.436523 0.395508 0.039062 0.033203
2 0.293945 0.432129 0.037109 0.036133
2 0.074219 0.442383 0.037109 0.031250
2 0.224121 0.450195 0.034180 0.033203
2 0.162109 0.466797 0.042969 0.041016
2 0.601074 0.489746 0.055664 0.086914
2 0.076172 0.470703 0.029297 0.027344
2 0.360840 0.511230 0.028320 0.047852
2 0.302734 0.519043 0.042969 0.032227
2 0.271484 0.532227 0.031250 0.033203
2 0.987793 0.538574 0.024414 0.040039
2 0.212891 0.549316 0.035156 0.030273
2 0.181641 0.561523 0.031250 0.033203
2 0.113770 0.595703 0.040039 0.033203
2 0.499023 0.614746 0.033203 0.034180
2 0.204102 0.624512 0.033203 0.034180
2 0.957520 0.642578 0.055664 0.048828
2 0.429688 0.644531 0.035156 0.029297
2 0.140137 0.666016 0.034180 0.035156
2 0.148926 0.695312 0.032227 0.033203
2 0.436523 0.699707 0.037109 0.036133
2 0.976562 0.736328 0.046875 0.046875
2 0.247559 0.738770 0.040039 0.030273
2 0.166504 0.762207 0.034180 0.030273
2 0.573242 0.801270 0.009766 0.018555
2 0.125000 0.846680 0.042969 0.041016
2 0.576172 0.845215 0.019531 0.012695
2 0.928223 0.861816 0.047852 0.043945
2 0.198730 0.863281 0.032227 0.033203
2 0.479492 0.873047 0.033203 0.035156
2 0.562988 0.893555 0.038086 0.037109
2 0.371582 0.936035 0.028320 0.034180
2 0.298828 0.939941 0.039062 0.036133
2 0.581543 0.963379 0.038086 0.034180
2 0.072266 0.973633 0.041016 0.035156
