0 0.239746 0.015137 0.040039 0.028320
0 0.410156 0.011230 0.039062 0.022461
0 0.498047 0.016113 0.039062 0.032227
0 0.744141 0.016602 0.042969 0.033203
0 0.859375 0.009277 0.037109 0.018555
0 0.981445 0.019043 0.037109 0.038086
0 0.573242 0.023926 0.044922 0.032227
0 0.844238 0.026855 0.040039 0.036133
0 0.398438 0.028320 0.041016 0.037109
0 0.661621 0.035156 0.034180 0.041016
0 0.958008 0.039551 0.048828 0.043945
0 0.727051 0.046875 0.038086 0.044922
0 0.485840 0.042969 0.032227 0.033203
0 0.319824 0.052246 0.032227 0.038086
0 0.557617 0.049805 0.042969 0.031250
0 0.388672 0.058105 0.031250 0.032227
0 0.829590 0.062012 0.043945 0.040039
0 0.642578 0.062500 0.037109 0.035156
0 0.210449 0.064453 0.034180 0.035156
0 0.706055 0.083008 0.035156 0.042969
0 0.631836 0.091309 0.042969 0.036133
0 0.810059 0.089355 0.041992 0.034180
0 0.456055 0.095215 0.035156 0.040039
0 0.286133 0.102051 0.037109 0.038086
0 0.923340 0.104492 0.041992 0.039062
0 0.357910 0.105469 0.034180 0.031250
0 0.444336 0.119141 0.035156 0.039062
0 0.800293 0.123047 0.040039 0.044922
0 0.518555 0.121582 0.035156 0.034180
0 0.271484 0.127930 0.041016 0.037109
0 0.904297 0.139160 0.037109 0.040039
0 0.677246 0.145020 0.034180 0.040039
0 0.777344 0.152832 0.039062 0.036133
0 0.258301 0.153320 0.040039 0.033203
0 0.981934 0.160645 0.036133 0.045898
0 0.146973 0.182129 0.055664 0.061523
0 0.416992 0.173340 0.039062 0.038086
0 0.489258 0.172852 0.041016 0.035156
0 0.657715 0.175781 0.041992 0.037109
0 0.238770 0.191895 0.055664 0.059570
0 0.759277 0.186523 0.043945 0.046875
0 0.945801 0.201660 0.057617 0.071289
0 0.853516 0.193359 0.041016 0.048828
0 0.571777 0.192383 0.030273 0.039062
0 0.393066 0.208984 0.053711 0.062500
0 0.475586 0.203613 0.033203 0.034180
0 0.297852 0.212402 0.046875 0.038086
0 0.742676 0.216797 0.045898 0.042969
0 0.838379 0.218262 0.049805 0.045898
0 0.562500 0.219238 0.042969 0.041992
0 0.126465 0.223145 0.040039 0.034180
0 0.219727 0.234375 0.035156 0.042969
0 0.990234 0.247559 0.019531 0.067383
0 0.726074 0.248535 0.040039 0.045898
0 0.912598 0.245605 0.038086 0.040039
0 0.109375 0.258789 0.048828 0.062500
0 0.545898 0.245117 0.035156 0.037109
0 0.374512 0.250488 0.043945 0.036133
0 0.821777 0.255859 0.038086 0.042969
0 0.200684 0.260254 0.041992 0.036133
0 0.527832 0.272461 0.036133 0.033203
0 0.792480 0.280762 0.041992 0.049805
0 0.894531 0.276367 0.041016 0.041016
0 0.708984 0.279785 0.042969 0.043945
0 0.968262 0.286621 0.040039 0.045898
0 0.257324 0.291992 0.036133 0.037109
0 0.514648 0.293457 0.033203 0.034180
0 0.079102 0.294922 0.041016 0.031250
0 0.589844 0.305176 0.037109 0.041992
0 0.881836 0.307617 0.039062 0.048828
0 0.342285 0.306152 0.041992 0.040039
0 0.416504 0.307129 0.032227 0.040039
0 0.692383 0.311523 0.042969 0.046875
0 0.780762 0.311523 0.041992 0.046875
0 0.172363 0.314941 0.041992 0.038086
0 0.953125 0.316895 0.046875 0.041992
0 0.242676 0.317383 0.041992 0.041016
0 0.501465 0.321777 0.034180 0.036133
0 0.068848 0.327148 0.040039 0.033203
0 0.855469 0.334961 0.041016 0.041016
0 0.575195 0.333008 0.035156 0.033203
0 0.677246 0.340332 0.038086 0.034180
0 0.938477 0.349121 0.037109 0.040039
0 0.320312 0.359375 0.048828 0.041016
0 0.836426 0.365234 0.040039 0.044922
0 0.145996 0.365723 0.038086 0.041992
0 0.212402 0.369629 0.043945 0.038086
0 0.035645 0.375488 0.043945 0.043945
0 0.660645 0.373047 0.041992 0.035156
0 0.916992 0.377441 0.041016 0.043945
0 0.724121 0.387207 0.036133 0.049805
0 0.372070 0.385742 0.033203 0.039062
0 0.127441 0.393555 0.038086 0.029297
0 0.894531 0.404785 0.044922 0.045898
0 0.460449 0.401855 0.038086 0.036133
0 0.650391 0.407227 0.056641 0.042969
0 0.289062 0.407715 0.037109 0.038086
0 0.115723 0.416504 0.041992 0.040039
0 0.187500 0.421387 0.042969 0.040039
0 0.978516 0.420898 0.042969 0.039062
0 0.767090 0.424805 0.049805 0.041016
0 0.453613 0.423340 0.038086 0.034180
0 0.347656 0.437500 0.041016 0.037109
0 0.626465 0.439941 0.036133 0.040039
0 0.171875 0.444824 0.042969 0.041992
0 0.958008 0.448730 0.041016 0.041992
0 0.720215 0.453125 0.040039 0.044922
0 0.830078 0.456055 0.039062 0.048828
0 0.507812 0.458496 0.039062 0.040039
0 0.333984 0.466309 0.033203 0.034180
0 0.860840 0.474121 0.041992 0.043945
0 0.419922 0.476074 0.037109 0.034180
0 0.048828 0.479492 0.029297 0.035156
0 0.766602 0.486816 0.041016 0.043945
0 0.249512 0.487793 0.038086 0.040039
0 0.487305 0.486816 0.046875 0.034180
0 0.886719 0.493652 0.041016 0.043945
0 0.076660 0.495605 0.032227 0.043945
0 0.096191 0.513184 0.043945 0.051758
0 0.402832 0.502930 0.032227 0.031250
0 0.588379 0.503418 0.038086 0.032227
0 0.789551 0.512207 0.038086 0.036133
0 0.823730 0.524414 0.043945 0.041016
0 0.578125 0.528809 0.033203 0.041992
0 0.392578 0.530762 0.033203 0.040039
0 0.949707 0.531738 0.040039 0.038086
0 0.034668 0.541016 0.036133 0.044922
0 0.153809 0.538086 0.040039 0.041016
0 0.454590 0.554688 0.043945 0.048828
0 0.973633 0.558105 0.041016 0.049805
0 0.382812 0.554199 0.041016 0.034180
0 0.558105 0.562012 0.047852 0.041992
0 0.708984 0.568848 0.046875 0.049805
0 0.882812 0.572266 0.039062 0.042969
0 0.746094 0.580566 0.041016 0.040039
0 0.432617 0.584961 0.042969 0.039062
0 0.135254 0.601562 0.036133 0.044922
0 0.621582 0.597168 0.043945 0.036133
0 0.771973 0.600098 0.036133 0.043945
0 0.680664 0.603516 0.041016 0.044922
0 0.286133 0.609375 0.037109 0.039062
0 0.162598 0.615234 0.036133 0.042969
0 0.520508 0.624023 0.046875 0.046875
0 0.805176 0.618164 0.040039 0.037109
0 0.311035 0.624512 0.038086 0.043945
0 0.832031 0.647949 0.046875 0.040039
0 0.502441 0.655273 0.051758 0.044922
0 0.065430 0.651855 0.037109 0.032227
0 0.734375 0.660645 0.037109 0.036133
0 0.252441 0.672363 0.051758 0.051758
0 0.768066 0.669434 0.047852 0.041992
0 0.049316 0.676758 0.032227 0.035156
0 0.891113 0.681152 0.040039 0.045898
0 0.622559 0.686035 0.038086 0.038086
0 0.798340 0.692871 0.040039 0.043945
0 0.300781 0.694336 0.044922 0.041016
0 0.972656 0.695312 0.037109 0.037109
0 0.657715 0.703613 0.040039 0.047852
0 0.034180 0.702148 0.037109 0.039062
0 0.152344 0.710449 0.041016 0.045898
0 0.566406 0.712891 0.048828 0.050781
0 0.826172 0.714844 0.037109 0.048828
0 0.267578 0.717773 0.044922 0.046875
0 0.691895 0.717285 0.040039 0.045898
0 0.440918 0.716309 0.043945 0.041992
0 0.955566 0.727051 0.040039 0.041992
0 0.021484 0.740723 0.042969 0.055664
0 0.857910 0.732422 0.040039 0.037109
0 0.724121 0.736328 0.041992 0.042969
0 0.416016 0.738281 0.041016 0.042969
0 0.591797 0.739746 0.039062 0.043945
0 0.109863 0.740234 0.040039 0.041016
0 0.627441 0.748535 0.047852 0.043945
0 0.476074 0.760254 0.041992 0.049805
0 0.756348 0.754395 0.040039 0.038086
0 0.943848 0.759766 0.040039 0.050781
0 0.211426 0.759766 0.036133 0.046875
0 0.392578 0.761719 0.033203 0.046875
0 0.094238 0.768066 0.041992 0.038086
0 0.912109 0.784668 0.037109 0.040039
0 0.187500 0.785645 0.042969 0.040039
0 0.781738 0.784668 0.041992 0.038086
0 0.007812 0.783203 0.015625 0.031250
0 0.684082 0.796387 0.038086 0.047852
0 0.080566 0.794434 0.041992 0.038086
0 0.810059 0.797852 0.041992 0.044922
0 0.328613 0.798828 0.040039 0.039062
0 0.426758 0.805664 0.041016 0.041016
0 0.896484 0.816406 0.042969 0.044922
0 0.397949 0.819336 0.040039 0.046875
0 0.713867 0.816895 0.041016 0.041992
0 0.066895 0.817871 0.043945 0.036133
0 0.568359 0.836914 0.042969 0.042969
0 0.136230 0.844238 0.036133 0.041992
0 0.878906 0.847656 0.048828 0.048828
0 0.051758 0.846191 0.037109 0.038086
0 0.768066 0.855957 0.038086 0.045898
0 0.246094 0.863281 0.044922 0.044922
0 0.596680 0.864258 0.046875 0.039062
0 0.495117 0.868164 0.044922 0.044922
0 0.041016 0.871582 0.039062 0.038086
0 0.112305 0.879395 0.044922 0.036133
0 0.535156 0.886719 0.042969 0.048828
0 0.218750 0.892578 0.035156 0.037109
0 0.654297 0.897461 0.039062 0.044922
0 0.563477 0.908691 0.044922 0.049805
0 0.023926 0.901855 0.040039 0.034180
0 0.833496 0.905762 0.040039 0.041992
0 0.688965 0.914062 0.040039 0.037109
0 0.197266 0.920410 0.041016 0.041992
0 0.016602 0.925781 0.031250 0.041016
0 0.074219 0.938965 0.037109 0.038086
0 0.625488 0.947754 0.041992 0.049805
0 0.253906 0.945801 0.046875 0.040039
0 0.175781 0.951660 0.042969 0.041992
0 0.374023 0.946289 0.037109 0.033203
0 0.445801 0.950195 0.041992 0.039062
0 0.479004 0.958984 0.038086 0.039062
0 0.055664 0.963867 0.037109 0.029297
0 0.651367 0.971680 0.050781 0.044922
0 0.235840 0.971191 0.041992 0.040039
0 0.785156 0.976074 0.050781 0.045898
0 0.681641 0.982422 0.039062 0.035156
0 0.222168 0.992676 0.032227 0.014648
0 0.546387 0.993164 0.043945 0.013672
1 0.900879 0.022461 0.038086 0.037109
1 0.330078 0.023438 0.041016 0.033203
1 0.227539 0.034180 0.037109 0.041016
1 0.470703 0.068359 0.042969 0.042969
1 0.300293 0.074707 0.040039 0.036133
1 0.544434 0.075195 0.043945 0.035156
1 0.371582 0.076660 0.040039 0.034180
1 0.530762 0.101562 0.040039 0.033203
1 0.623047 0.116699 0.048828 0.043945
1 0.688477 0.113770 0.048828 0.038086
1 0.184082 0.118164 0.036133 0.033203
1 0.346680 0.134766 0.035156 0.035156
1 0.608398 0.142578 0.054688 0.041016
1 0.429688 0.149414 0.041016 0.035156
1 0.880371 0.164551 0.045898 0.043945
1 0.587891 0.168945 0.037109 0.035156
1 0.312012 0.181152 0.040039 0.034180
1 0.640137 0.206543 0.041992 0.043945
1 0.278320 0.249512 0.052734 0.067383
1 0.625488 0.240234 0.043945 0.037109
1 0.438965 0.252930 0.040039 0.044922
1 0.605957 0.269531 0.043945 0.042969
1 0.357422 0.279785 0.041016 0.041992
1 0.187012 0.286621 0.045898 0.040039
1 0.398438 0.332031 0.039062 0.041016
1 0.750977 0.337402 0.042969 0.043945
1 0.160156 0.341309 0.041016 0.043945
1 0.056152 0.350586 0.038086 0.037109
1 0.487793 0.352539 0.038086 0.037109
1 0.557129 0.363770 0.045898 0.045898
1 0.387207 0.363770 0.040039 0.036133
1 0.302734 0.383301 0.041016 0.040039
1 0.201172 0.396484 0.044922 0.035156
1 0.531250 0.413086 0.052734 0.056641
1 0.364746 0.413086 0.034180 0.031250
1 0.803223 0.430664 0.036133 0.041016
1 0.274902 0.433594 0.045898 0.033203
1 0.433594 0.450684 0.037109 0.034180
1 0.017578 0.459961 0.035156 0.042969
1 0.259766 0.462402 0.037109 0.036133
1 0.608887 0.463379 0.038086 0.036133
1 0.675781 0.485352 0.037109 0.039062
1 0.315430 0.493164 0.035156 0.037109
1 0.472656 0.518066 0.044922 0.036133
1 0.916992 0.521973 0.046875 0.041992
1 0.305176 0.519531 0.038086 0.035156
1 0.850098 0.551758 0.041992 0.042969
1 0.060059 0.561523 0.041992 0.042969
1 0.206055 0.567871 0.035156 0.040039
1 0.085938 0.573242 0.041016 0.042969
1 0.233398 0.580078 0.037109 0.037109
1 0.112305 0.587402 0.039062 0.045898
1 0.910156 0.590820 0.039062 0.042969
1 0.540039 0.593262 0.044922 0.045898
1 0.261230 0.596680 0.034180 0.041016
1 0.714355 0.630859 0.049805 0.041016
1 0.363281 0.649414 0.037109 0.052734
1 0.594727 0.644531 0.037109 0.042969
1 0.219238 0.655273 0.041992 0.042969
1 0.863770 0.658203 0.040039 0.041016
1 0.335449 0.674805 0.041992 0.037109
1 0.123535 0.697266 0.041992 0.039062
1 0.358887 0.774902 0.041992 0.043945
1 0.650879 0.781738 0.038086 0.038086
1 0.458496 0.786621 0.040039 0.038086
1 0.159668 0.813477 0.041992 0.041016
1 0.359863 0.838379 0.038086 0.051758
1 0.626465 0.877930 0.041992 0.042969
1 0.852539 0.874512 0.035156 0.038086
1 0.314453 0.884766 0.033203 0.037109
1 0.095215 0.907715 0.038086 0.034180
1 0.272461 0.919434 0.042969 0.036133
1 0.594238 0.928711 0.041992 0.048828
1 0.717285 0.936035 0.040039 0.041992
1 0.408203 0.946777 0.035156 0.041992
1 0.166504 0.981934 0.041992 0.036133
1 0.332031 0.989258 0.037109 0.021484
2 0.934082 0.071777 0.041992 0.047852
2 0.196777 0.090820 0.045898 0.037109
2 0.171875 0.143066 0.035156 0.032227
2 0.331055 0.158691 0.037109 0.040039
2 0.430176 0.285645 0.038086 0.034180
2 0.227051 0.344238 0.038086 0.038086
2 0.477539 0.377441 0.041016 0.040039
2 0.128906 0.524902 0.033203 0.036133
2 0.669434 0.532715 0.043945 0.036133
2 0.180664 0.554199 0.037109 0.038086
2 0.938477 0.609375 0.041016 0.037109
2 0.189941 0.633789 0.036133 0.039062
2 0.535645 0.691406 0.040039 0.046875
2 0.174805 0.724121 0.033203 0.036133
2 0.537109 0.825195 0.046875 0.037109
2 0.273438 0.836426 0.041016 0.040039
2 0.740723 0.839844 0.041992 0.044922
2 0.294434 0.903809 0.032227 0.032227
