0 0.061523 0.309570 0.011719 0.011719
0 0.368652 0.545410 0.040039 0.049805
0 0.986816 0.552734 0.026367 0.037109
0 0.952148 0.557617 0.021484 0.021484
0 0.798340 0.569336 0.018555 0.019531
0 0.496582 0.589355 0.051758 0.049805
0 0.538086 0.591797 0.042969 0.046875
0 0.956055 0.590820 0.050781 0.042969
0 0.627441 0.614258 0.041992 0.044922
0 0.523438 0.620117 0.021484 0.023438
0 0.829590 0.626465 0.022461 0.020508
0 0.923828 0.666992 0.044922 0.041016
0 0.178711 0.739258 0.048828 0.054688
0 0.693848 0.733398 0.047852 0.042969
0 0.993652 0.735352 0.012695 0.029297
0 0.026367 0.774902 0.042969 0.047852
0 0.681641 0.771973 0.048828 0.040039
0 0.774902 0.788086 0.045898 0.039062
0 0.026855 0.811035 0.010742 0.012695
0 0.887207 0.835938 0.040039 0.048828
0 0.005371 0.833496 0.010742 0.041992
0 0.981445 0.860352 0.037109 0.042969
0 0.086426 0.875000 0.026367 0.029297
0 0.318848 0.892578 0.041992 0.050781
0 0.775391 0.886719 0.019531 0.015625
0 0.232422 0.911621 0.041016 0.043945
0 0.871582 0.924316 0.036133 0.041992
0 0.838379 0.927734 0.014648 0.017578
0 0.958496 0.950195 0.043945 0.041016
0 0.861328 0.964355 0.039062 0.041992
0 0.387695 0.972656 0.042969 0.039062
0 0.952637 0.986328 0.047852 0.027344
0 0.113770 0.990234 0.043945 0.019531
0 0.851074 0.991699 0.036133 0.016602
0 0.740234 0.992188 0.056641 0.015625
0 0.372070 0.995117 0.023438 0.009766
1 0.025879 0.329590 0.041992 0.041992
1 0.149414 0.371582 0.041016 0.041992
1 0.238281 0.391602 0.048828 0.064453
1 0.275879 0.413086 0.043945 0.048828
1 0.363770 0.442871 0.045898 0.053711
1 0.068848 0.439941 0.047852 0.043945
1 0.108398 0.457031 0.048828 0.050781
1 0.155273 0.476562 0.044922 0.044922
1 0.198730 0.486328 0.041992 0.056641
1 0.536133 0.490723 0.044922 0.057617
1 0.284180 0.519043 0.042969 0.045898
1 0.412109 0.563477 0.039062 0.052734
1 0.756348 0.562988 0.045898 0.041992
1 0.458008 0.572266 0.037109 0.042969
1 0.584961 0.604492 0.041016 0.044922
1 0.791992 0.605469 0.050781 0.044922
1 0.936035 0.630371 0.036133 0.041992
1 0.801758 0.657715 0.041016 0.036133
1 0.703613 0.680176 0.051758 0.040039
1 0.051270 0.687500 0.038086 0.044922
1 0.799805 0.702637 0.044922 0.047852
1 0.916016 0.710938 0.044922 0.042969
1 0.097656 0.709473 0.039062 0.034180
1 0.786621 0.749512 0.038086 0.041992
1 0.906250 0.751465 0.044922 0.040039
1 0.213867 0.761719 0.044922 0.042969
1 0.067871 0.791504 0.049805 0.045898
1 0.299316 0.793457 0.047852 0.049805
1 0.899414 0.794922 0.044922 0.041016
1 0.399902 0.796387 0.053711 0.036133
1 0.672363 0.818359 0.043945 0.042969
1 0.435547 0.831055 0.056641 0.044922
1 0.770020 0.831543 0.040039 0.041992
1 0.279785 0.864746 0.020508 0.024414
1 0.142578 0.877441 0.037109 0.045898
1 0.246582 0.876465 0.051758 0.040039
1 0.876953 0.886719 0.044922 0.039062
1 0.426758 0.897949 0.041016 0.043945
1 0.655273 0.900879 0.048828 0.040039
1 0.072754 0.915527 0.051758 0.049805
1 0.645996 0.950684 0.047852 0.040039
1 0.121094 0.961426 0.050781 0.047852
1 0.284668 0.980469 0.045898 0.039062
1 0.200684 0.990723 0.032227 0.018555
2 0.110352 0.346191 0.044922 0.067383
2 0.064941 0.343262 0.043945 0.043945
2 0.190918 0.384766 0.047852 0.039062
2 0.026855 0.429199 0.051758 0.049805
2 0.318848 0.427734 0.043945 0.044922
2 0.404297 0.458984 0.046875 0.042969
2 0.449707 0.474609 0.043945 0.050781
2 0.493652 0.487305 0.038086 0.041016
2 0.240723 0.504395 0.047852 0.040039
2 0.576660 0.504883 0.041992 0.041016
2 0.629395 0.514160 0.055664 0.045898
2 0.711426 0.527344 0.061523 0.052734
2 0.326172 0.534668 0.044922 0.045898
2 0.672363 0.625000 0.049805 0.041016
2 0.012695 0.675293 0.025391 0.043945
2 0.136719 0.722656 0.046875 0.052734
2 0.254395 0.776367 0.040039 0.050781
2 0.346680 0.792969 0.039062 0.046875
2 0.107910 0.812988 0.053711 0.041992
2 0.984863 0.817871 0.030273 0.049805
2 0.159180 0.828125 0.052734 0.037109
2 0.667969 0.860352 0.041016 0.041016
2 0.750488 0.867676 0.032227 0.036133
2 0.750977 0.911621 0.046875 0.047852
2 0.968750 0.907227 0.042969 0.039062
2 0.140137 0.921387 0.034180 0.041992
2 0.397949 0.934570 0.047852 0.048828
2 0.296387 0.938965 0.055664 0.047852
2 0.051270 0.952637 0.041992 0.045898
2 0.740234 0.961426 0.056641 0.051758
2 0.218750 0.960938 0.046875 0.042969
2 0.634277 0.983887 0.057617 0.032227
2 0.032715 0.989746 0.049805 0.020508
3 0.489746 0.801758 0.016602 0.023438
3 0.453613 0.859375 0.022461 0.017578
