0 0.523926 0.021484 0.038086 0.042969
0 0.620117 0.017578 0.044922 0.035156
0 0.974121 0.020508 0.036133 0.033203
0 0.459473 0.072266 0.067383 0.078125
0 0.632324 0.062012 0.071289 0.045898
0 0.755371 0.070801 0.038086 0.036133
0 0.567871 0.091309 0.053711 0.051758
0 0.658203 0.111816 0.064453 0.051758
0 0.855957 0.102051 0.022461 0.026367
0 0.812988 0.119141 0.022461 0.025391
0 0.446289 0.130371 0.041016 0.040039
0 0.399414 0.136230 0.027344 0.028320
0 0.605469 0.139160 0.027344 0.036133
0 0.467285 0.169922 0.075195 0.068359
0 0.800293 0.160156 0.055664 0.048828
0 0.693848 0.158203 0.049805 0.041016
0 0.990234 0.162598 0.019531 0.038086
0 0.519043 0.183594 0.038086 0.046875
0 0.687500 0.229492 0.064453 0.054688
0 0.633301 0.230957 0.043945 0.043945
0 0.872070 0.295898 0.039062 0.041016
0 0.520508 0.321777 0.025391 0.022461
0 0.937500 0.321777 0.019531 0.020508
0 0.992188 0.326660 0.015625 0.032227
0 0.910645 0.324707 0.026367 0.024414
0 0.812500 0.332031 0.031250 0.033203
0 0.787109 0.352539 0.052734 0.056641
0 0.463867 0.363770 0.052734 0.045898
0 0.141113 0.379883 0.041992 0.050781
0 0.728027 0.399414 0.034180 0.037109
0 0.376465 0.409668 0.038086 0.045898
0 0.842285 0.417480 0.061523 0.045898
0 0.680176 0.444824 0.049805 0.047852
0 0.861328 0.465820 0.041016 0.044922
0 0.240234 0.479492 0.033203 0.027344
0 0.891602 0.508301 0.046875 0.069336
0 0.639648 0.505859 0.044922 0.035156
0 0.236328 0.542969 0.025391 0.039062
0 0.647949 0.542969 0.022461 0.029297
0 0.986816 0.567871 0.026367 0.043945
0 0.745117 0.570801 0.041016 0.045898
0 0.098633 0.604004 0.056641 0.071289
0 0.829102 0.600098 0.044922 0.061523
0 0.964355 0.617676 0.071289 0.053711
0 0.779785 0.632812 0.045898 0.044922
0 0.878418 0.666992 0.043945 0.035156
0 0.802734 0.715332 0.042969 0.038086
0 0.333496 0.754395 0.063477 0.059570
0 0.018066 0.783203 0.036133 0.052734
0 0.237305 0.839355 0.087891 0.057617
0 0.172363 0.897949 0.051758 0.073242
0 0.042480 0.913086 0.065430 0.050781
0 0.213379 0.953125 0.094727 0.064453
0 0.243164 0.980469 0.048828 0.039062
1 0.726562 0.208008 0.037109 0.039062
1 0.941406 0.229004 0.050781 0.059570
1 0.556641 0.263672 0.050781 0.070312
1 0.763672 0.482910 0.046875 0.049805
1 0.718750 0.665039 0.054688 0.054688
1 0.842285 0.693848 0.051758 0.047852
1 0.764160 0.749023 0.041992 0.076172
1 0.133301 0.833984 0.043945 0.072266
1 0.077148 0.969727 0.056641 0.052734
2 0.415527 0.016113 0.047852 0.032227
2 0.959961 0.354492 0.037109 0.031250
2 0.798340 0.525391 0.055664 0.066406
2 0.688965 0.603027 0.040039 0.055664
2 0.441895 0.688965 0.040039 0.059570
