0 0.046875 0.011230 0.031250 0.022461
0 0.221191 0.012207 0.040039 0.024414
0 0.321777 0.017578 0.049805 0.033203
0 0.440430 0.017578 0.048828 0.035156
0 0.575195 0.020020 0.044922 0.040039
0 0.201660 0.027344 0.038086 0.037109
0 0.742676 0.032715 0.047852 0.047852
0 0.602051 0.041016 0.040039 0.046875
0 0.307617 0.041016 0.050781 0.042969
0 0.420410 0.041992 0.047852 0.041016
0 0.525879 0.045898 0.045898 0.041016
0 0.628906 0.061523 0.041016 0.050781
0 0.194336 0.056641 0.037109 0.037109
0 0.733398 0.065918 0.037109 0.049805
0 0.289062 0.065430 0.044922 0.039062
0 0.112793 0.080078 0.047852 0.044922
0 0.503906 0.080566 0.046875 0.043945
0 0.175781 0.082520 0.044922 0.040039
0 0.583496 0.108398 0.063477 0.074219
0 0.484375 0.108887 0.044922 0.043945
0 0.165039 0.110352 0.037109 0.035156
0 0.264160 0.113281 0.043945 0.039062
0 0.685547 0.124023 0.042969 0.046875
0 0.464355 0.138672 0.040039 0.050781
0 0.146484 0.136230 0.041016 0.038086
0 0.066406 0.157227 0.058594 0.074219
0 0.673828 0.153320 0.037109 0.048828
0 0.342773 0.166992 0.050781 0.048828
0 0.136719 0.164062 0.039062 0.035156
0 0.448730 0.173340 0.045898 0.041992
0 0.646484 0.183105 0.046875 0.045898
0 0.535645 0.183594 0.047852 0.041016
0 0.119141 0.184082 0.041016 0.036133
0 0.429199 0.203613 0.047852 0.045898
0 0.038574 0.207520 0.045898 0.047852
0 0.213379 0.207031 0.041992 0.041016
0 0.514160 0.209961 0.049805 0.044922
0 0.625000 0.211426 0.042969 0.041992
0 0.298340 0.244141 0.061523 0.078125
0 0.407227 0.229980 0.044922 0.049805
0 0.187988 0.255859 0.067383 0.089844
0 0.026367 0.237793 0.050781 0.043945
0 0.091309 0.233887 0.043945 0.038086
0 0.603027 0.240234 0.038086 0.041016
0 0.497070 0.246582 0.050781 0.041992
0 0.074219 0.272949 0.056641 0.061523
0 0.389648 0.262695 0.048828 0.041016
0 0.014648 0.271973 0.029297 0.047852
0 0.593262 0.272949 0.041992 0.049805
0 0.475586 0.275879 0.048828 0.045898
0 0.267578 0.287109 0.044922 0.042969
0 0.564453 0.299316 0.041016 0.040039
0 0.459961 0.308594 0.037109 0.041016
0 0.160645 0.304199 0.038086 0.028320
0 0.246582 0.316406 0.049805 0.044922
0 0.147461 0.327637 0.041016 0.036133
0 0.541504 0.328613 0.038086 0.040039
0 0.436523 0.333984 0.044922 0.044922
0 0.041992 0.333008 0.042969 0.035156
0 0.233887 0.349121 0.040039 0.047852
0 0.333984 0.355469 0.052734 0.046875
0 0.533691 0.360352 0.040039 0.050781
0 0.133301 0.355957 0.045898 0.038086
0 0.029785 0.360352 0.041992 0.037109
0 0.417969 0.365234 0.041016 0.041016
0 0.304199 0.399414 0.061523 0.074219
0 0.018555 0.383789 0.037109 0.041016
0 0.502930 0.385254 0.035156 0.040039
0 0.398438 0.394531 0.041016 0.041016
0 0.191406 0.405273 0.050781 0.042969
0 0.475098 0.431641 0.061523 0.066406
0 0.378906 0.422363 0.039062 0.043945
0 0.176270 0.439941 0.043945 0.049805
0 0.454102 0.479492 0.042969 0.050781
0 0.260742 0.476562 0.046875 0.042969
0 0.061523 0.486816 0.041016 0.053711
0 0.339355 0.482910 0.036133 0.040039
0 0.138184 0.500000 0.040039 0.042969
0 0.237793 0.504395 0.043945 0.043945
0 0.311035 0.520508 0.053711 0.072266
0 0.424805 0.507812 0.042969 0.044922
0 0.035645 0.533203 0.040039 0.044922
0 0.119141 0.532715 0.042969 0.045898
0 0.221680 0.538086 0.052734 0.044922
0 0.103027 0.564941 0.038086 0.040039
0 0.203125 0.566406 0.046875 0.042969
0 0.376953 0.581055 0.070312 0.072266
0 0.277344 0.568848 0.044922 0.040039
0 0.017090 0.586426 0.034180 0.051758
0 0.256348 0.601562 0.040039 0.042969
0 0.058105 0.625488 0.043945 0.045898
0 0.151855 0.645020 0.059570 0.081055
0 0.340820 0.624512 0.041016 0.041992
0 0.238770 0.630371 0.038086 0.038086
0 0.316406 0.670410 0.074219 0.073242
0 0.216797 0.659180 0.041016 0.042969
0 0.990723 0.664551 0.018555 0.032227
0 0.193848 0.688965 0.041992 0.045898
0 0.034180 0.701172 0.068359 0.066406
0 0.982910 0.697266 0.034180 0.042969
0 0.280762 0.711914 0.040039 0.041016
0 0.083496 0.726562 0.040039 0.035156
0 0.114258 0.745117 0.042969 0.041016
0 0.267090 0.746582 0.041992 0.041992
0 0.148438 0.767578 0.041016 0.048828
0 0.029785 0.770020 0.053711 0.043945
0 0.911621 0.788086 0.038086 0.046875
0 0.236328 0.788086 0.037109 0.035156
0 0.077637 0.792969 0.051758 0.042969
0 0.188965 0.794922 0.030273 0.037109
0 0.126953 0.813477 0.044922 0.041016
0 0.863770 0.848633 0.040039 0.048828
0 0.175781 0.858887 0.039062 0.051758
0 0.212402 0.844238 0.032227 0.024414
0 0.969238 0.868164 0.038086 0.041016
0 0.036621 0.875488 0.043945 0.045898
0 0.076660 0.908203 0.055664 0.046875
0 0.823730 0.911621 0.041992 0.040039
0 0.137695 0.922852 0.062500 0.058594
0 0.016602 0.931641 0.033203 0.035156
0 0.927246 0.934082 0.051758 0.040039
0 0.989746 0.937988 0.020508 0.036133
0 0.060059 0.946777 0.049805 0.043945
0 0.770508 0.971191 0.042969 0.051758
0 0.900879 0.972656 0.049805 0.035156
0 0.979004 0.982910 0.041992 0.034180
0 0.755371 0.989746 0.038086 0.020508
1 0.539551 0.012207 0.043945 0.024414
1 0.764648 0.014160 0.048828 0.028320
1 0.025879 0.029785 0.034180 0.038086
1 0.129395 0.048340 0.041992 0.041992
1 0.015137 0.060059 0.030273 0.043945
1 0.391602 0.088379 0.066406 0.077148
1 0.273438 0.089355 0.035156 0.038086
1 0.704590 0.092285 0.036133 0.041992
1 0.089355 0.112793 0.040039 0.045898
1 0.361816 0.133301 0.049805 0.043945
1 0.250977 0.134766 0.037109 0.035156
1 0.560059 0.153809 0.043945 0.045898
1 0.239258 0.162109 0.044922 0.042969
1 0.223633 0.184082 0.037109 0.038086
1 0.323730 0.195801 0.047852 0.041992
1 0.110352 0.211914 0.039062 0.037109
1 0.369629 0.291992 0.047852 0.042969
1 0.055664 0.309082 0.041016 0.036133
1 0.349609 0.323242 0.041016 0.048828
1 0.208008 0.375977 0.050781 0.048828
1 0.112305 0.386719 0.042969 0.048828
1 0.087891 0.436523 0.041016 0.052734
1 0.280273 0.449219 0.050781 0.044922
1 0.356445 0.449707 0.044922 0.040039
1 0.159668 0.472656 0.040039 0.041016
1 0.400879 0.534180 0.038086 0.039062
1 0.078125 0.594727 0.046875 0.044922
1 0.189941 0.595703 0.040039 0.046875
1 0.937988 0.749023 0.049805 0.054688
1 0.892090 0.816895 0.038086 0.047852
1 0.987305 0.838379 0.025391 0.043945
1 0.846680 0.878418 0.044922 0.043945
1 0.956543 0.898926 0.053711 0.041992
1 0.793945 0.941406 0.037109 0.048828
1 0.858887 0.992676 0.032227 0.014648
2 0.138672 0.019531 0.042969 0.039062
