0 0.968750 0.092773 0.039062 0.035156
0 0.993652 0.219238 0.012695 0.028320
0 0.939941 0.240723 0.038086 0.045898
0 0.724609 0.293457 0.035156 0.038086
0 0.658203 0.308594 0.039062 0.046875
0 0.815918 0.341309 0.032227 0.038086
0 0.827637 0.375000 0.040039 0.039062
0 0.871094 0.388672 0.011719 0.009766
0 0.986816 0.416992 0.026367 0.031250
0 0.759766 0.434082 0.042969 0.036133
0 0.884766 0.422852 0.011719 0.009766
0 0.991211 0.448242 0.017578 0.035156
0 0.609375 0.462891 0.039062 0.037109
0 0.710449 0.485840 0.040039 0.038086
0 0.617188 0.494141 0.041016 0.035156
0 0.928711 0.495605 0.035156 0.034180
0 0.720215 0.520996 0.038086 0.040039
0 0.626953 0.528809 0.041016 0.041992
0 0.940918 0.529785 0.034180 0.038086
0 0.882324 0.552734 0.034180 0.037109
0 0.729980 0.555176 0.032227 0.034180
0 0.803711 0.570312 0.041016 0.042969
0 0.741211 0.586426 0.035156 0.040039
0 0.968750 0.612305 0.044922 0.070312
0 0.653320 0.614746 0.046875 0.067383
0 0.898438 0.610840 0.035156 0.038086
0 0.750977 0.621582 0.039062 0.043945
0 0.072754 0.629395 0.030273 0.032227
0 0.912109 0.650391 0.037109 0.041016
0 0.005371 0.652832 0.010742 0.034180
0 0.014160 0.716309 0.028320 0.049805
0 0.696289 0.749512 0.027344 0.038086
0 0.125488 0.767578 0.028320 0.041016
0 0.991211 0.767578 0.017578 0.027344
0 0.871582 0.807617 0.040039 0.033203
0 0.142578 0.826172 0.025391 0.033203
0 0.884766 0.860352 0.046875 0.068359
0 0.817871 0.856934 0.034180 0.034180
0 0.978027 0.896973 0.043945 0.069336
0 0.091797 0.904785 0.041016 0.069336
0 0.827637 0.887695 0.034180 0.031250
0 0.840332 0.922363 0.036133 0.038086
0 0.741699 0.925293 0.043945 0.038086
0 0.902832 0.945801 0.041992 0.034180
0 0.110840 0.949219 0.030273 0.035156
0 0.196777 0.953125 0.030273 0.033203
0 0.990723 0.955566 0.018555 0.038086
0 0.753418 0.958496 0.038086 0.036133
0 0.039062 0.979492 0.042969 0.041016
0 0.122559 0.982910 0.041992 0.034180
0 0.760742 0.985840 0.039062 0.028320
1 0.946777 0.025391 0.049805 0.050781
1 0.960938 0.065918 0.039062 0.028320
1 0.979980 0.120117 0.040039 0.033203
1 0.985840 0.149902 0.028320 0.032227
1 0.862793 0.249023 0.040039 0.050781
1 0.827148 0.261719 0.037109 0.042969
1 0.959473 0.272461 0.043945 0.044922
1 0.798828 0.270508 0.025391 0.037109
1 0.762695 0.281738 0.029297 0.032227
1 0.693359 0.302734 0.033203 0.041016
1 0.964355 0.313477 0.040039 0.031250
1 0.570312 0.322754 0.037109 0.043945
1 0.874512 0.325195 0.051758 0.035156
1 0.975098 0.344238 0.038086 0.036133
1 0.983398 0.380859 0.033203 0.039062
1 0.692871 0.417969 0.047852 0.105469
1 0.904297 0.391602 0.052734 0.035156
1 0.587891 0.390625 0.033203 0.031250
1 0.603516 0.422363 0.044922 0.041992
1 0.915039 0.431152 0.041016 0.034180
1 0.927246 0.459961 0.047852 0.044922
1 0.772461 0.466797 0.039062 0.042969
1 0.791016 0.537109 0.031250 0.035156
1 0.950195 0.564453 0.035156 0.039062
1 0.049316 0.559570 0.028320 0.023438
1 0.642090 0.564941 0.036133 0.036133
1 0.889160 0.583496 0.034180 0.032227
1 0.981445 0.664551 0.037109 0.038086
1 0.664551 0.671875 0.051758 0.041016
1 0.770508 0.690430 0.039062 0.041016
1 0.097656 0.692871 0.042969 0.036133
1 0.676270 0.713867 0.041992 0.041016
1 0.956055 0.780762 0.052734 0.047852
1 0.050781 0.802246 0.042969 0.051758
1 0.968750 0.853027 0.037109 0.036133
1 0.178711 0.861328 0.060547 0.048828
1 0.074707 0.857910 0.032227 0.030273
1 0.020508 0.923828 0.041016 0.056641
1 0.195312 0.915039 0.033203 0.033203
1 0.858398 0.985840 0.044922 0.028320
2 0.988281 0.185059 0.023438 0.032227
2 0.936523 0.204590 0.041016 0.032227
2 0.577148 0.357910 0.037109 0.038086
2 0.886230 0.360352 0.034180 0.035156
2 0.743164 0.367676 0.044922 0.036133
2 0.749023 0.400879 0.044922 0.041992
2 0.842773 0.410156 0.039062 0.042969
2 0.848145 0.445312 0.036133 0.037109
2 0.861816 0.477539 0.034180 0.031250
2 0.780762 0.503906 0.038086 0.041016
2 0.870605 0.512207 0.034180 0.040039
2 0.818359 0.638672 0.058594 0.111328
2 0.083496 0.657227 0.032227 0.037109
2 0.917969 0.679199 0.029297 0.032227
2 0.840820 0.708008 0.042969 0.033203
2 0.779297 0.723633 0.041016 0.035156
2 0.963867 0.812988 0.039062 0.036133
2 0.802734 0.824707 0.023438 0.036133
2 0.721680 0.855469 0.042969 0.041016
2 0.730469 0.891602 0.037109 0.037109
2 0.848633 0.957520 0.037109 0.034180
2 0.916992 0.982422 0.046875 0.035156
