0 0.133301 0.020996 0.040039 0.041992
0 0.498535 0.005371 0.018555 0.010742
0 0.519531 0.022949 0.042969 0.045898
0 0.604004 0.007812 0.036133 0.015625
0 0.636230 0.025879 0.038086 0.051758
0 0.784668 0.007324 0.030273 0.014648
0 0.754395 0.029785 0.047852 0.041992
0 0.313965 0.063965 0.100586 0.098633
0 0.159180 0.048340 0.041016 0.047852
0 0.547852 0.052734 0.041016 0.041016
0 0.180664 0.075684 0.042969 0.047852
0 0.700195 0.078125 0.039062 0.050781
0 0.064941 0.083984 0.047852 0.044922
0 0.455566 0.092285 0.038086 0.047852
0 0.208496 0.097656 0.041992 0.044922
0 0.375000 0.119629 0.048828 0.041992
0 0.248535 0.136230 0.065430 0.071289
0 0.017578 0.137695 0.033203 0.048828
0 0.062988 0.164062 0.040039 0.050781
0 0.432129 0.172852 0.043945 0.042969
0 0.287109 0.176758 0.048828 0.041016
0 0.088867 0.189453 0.039062 0.050781
0 0.992676 0.196777 0.014648 0.036133
0 0.460938 0.203613 0.039062 0.047852
0 0.351074 0.240234 0.063477 0.078125
0 0.142578 0.235840 0.037109 0.049805
0 0.537598 0.243652 0.038086 0.043945
0 0.016602 0.244141 0.031250 0.035156
0 0.512695 0.269043 0.046875 0.047852
0 0.034180 0.270020 0.048828 0.038086
0 0.389160 0.277344 0.047852 0.037109
0 0.340332 0.299805 0.040039 0.048828
0 0.915039 0.333984 0.103516 0.109375
0 0.216797 0.316895 0.041016 0.049805
0 0.318848 0.328613 0.040039 0.051758
0 0.087402 0.325684 0.047852 0.040039
0 0.453125 0.330566 0.048828 0.043945
0 0.111816 0.344727 0.047852 0.041016
0 0.241699 0.343262 0.047852 0.036133
0 0.293945 0.355469 0.037109 0.046875
0 0.425781 0.354004 0.048828 0.040039
0 0.141113 0.379395 0.045898 0.051758
0 0.266602 0.380859 0.046875 0.048828
0 0.398438 0.385742 0.048828 0.041016
0 0.169434 0.404297 0.038086 0.046875
0 0.374512 0.411133 0.049805 0.042969
0 0.801270 0.429688 0.061523 0.062500
0 0.191895 0.429688 0.043945 0.050781
0 0.349609 0.434082 0.050781 0.040039
0 0.218750 0.454590 0.041016 0.051758
0 0.764648 0.479004 0.066406 0.073242
0 0.318359 0.467285 0.048828 0.043945
0 0.267578 0.484863 0.037109 0.041992
0 0.728516 0.524414 0.060547 0.058594
0 0.683105 0.564453 0.063477 0.062500
0 0.123047 0.613281 0.193359 0.138672
0 0.606445 0.633789 0.132812 0.146484
0 0.929688 0.628418 0.044922 0.055664
0 0.599609 0.732910 0.019531 0.020508
0 0.470215 0.778809 0.063477 0.065430
0 0.958496 0.809570 0.022461 0.017578
0 0.959473 0.844238 0.036133 0.049805
0 0.374023 0.872070 0.066406 0.068359
0 0.486816 0.844727 0.010742 0.009766
0 0.582031 0.932617 0.035156 0.052734
0 0.991211 0.923340 0.017578 0.016602
0 0.393066 0.970703 0.059570 0.054688
0 0.955566 0.980957 0.022461 0.024414
1 0.104492 0.014648 0.035156 0.029297
1 0.258301 0.011230 0.047852 0.022461
1 0.371094 0.011719 0.042969 0.023438
1 0.729980 0.049316 0.041992 0.043945
1 0.085449 0.051270 0.045898 0.038086
1 0.423340 0.066406 0.038086 0.050781
1 0.582031 0.080566 0.052734 0.045898
1 0.674805 0.107422 0.039062 0.050781
1 0.042480 0.112793 0.049805 0.041992
1 0.484375 0.118164 0.039062 0.044922
1 0.652344 0.137207 0.041016 0.051758
1 0.507324 0.146973 0.038086 0.045898
1 0.403320 0.144531 0.048828 0.039062
1 0.578125 0.201660 0.066406 0.071289
1 0.313477 0.203125 0.039062 0.050781
1 0.114746 0.215332 0.038086 0.049805
1 0.167969 0.265625 0.044922 0.048828
1 0.192383 0.291504 0.048828 0.040039
1 0.608398 0.793457 0.044922 0.061523
1 0.528320 0.842285 0.050781 0.053711
1 0.640137 0.839844 0.061523 0.035156
1 0.682129 0.844727 0.014648 0.013672
1 0.667969 0.882812 0.056641 0.068359
1 0.519531 0.968262 0.039062 0.034180
2 0.399414 0.034180 0.037109 0.046875
2 0.620117 0.160156 0.044922 0.048828
2 0.061035 0.294922 0.049805 0.041016
2 0.420410 0.821777 0.057617 0.053711
2 0.553711 0.879883 0.039062 0.046875
2 0.479004 0.939453 0.032227 0.042969
