0 0.646484 0.004883 0.029297 0.009766
0 0.914551 0.013184 0.041992 0.026367
0 0.359375 0.022949 0.029297 0.040039
0 0.994141 0.013184 0.011719 0.022461
0 0.897949 0.038574 0.036133 0.043945
0 0.984863 0.047363 0.030273 0.041992
0 0.882324 0.072266 0.040039 0.037109
0 0.598145 0.091797 0.041992 0.033203
0 0.781250 0.112305 0.046875 0.056641
0 0.952637 0.112305 0.045898 0.039062
0 0.400879 0.122559 0.036133 0.047852
0 0.575684 0.121582 0.028320 0.034180
0 0.842773 0.138184 0.037109 0.043945
0 0.935547 0.147461 0.048828 0.046875
0 0.246582 0.164062 0.053711 0.048828
0 0.465332 0.160645 0.040039 0.041992
0 0.739258 0.175293 0.035156 0.043945
0 0.814941 0.191895 0.055664 0.075195
0 0.960938 0.171387 0.015625 0.016602
0 0.352539 0.193359 0.052734 0.044922
0 0.450684 0.192871 0.032227 0.038086
0 0.214355 0.199707 0.036133 0.041992
0 0.527832 0.226074 0.043945 0.043945
0 0.420410 0.229004 0.036133 0.045898
0 0.780273 0.241211 0.054688 0.054688
0 0.293945 0.246582 0.052734 0.041992
0 0.092773 0.248047 0.042969 0.042969
0 0.883301 0.252441 0.045898 0.038086
0 0.257324 0.272949 0.038086 0.028320
0 0.537598 0.265625 0.012695 0.013672
0 0.747559 0.306641 0.045898 0.054688
0 0.996582 0.290039 0.006836 0.019531
0 0.013672 0.307617 0.027344 0.039062
0 0.183105 0.308594 0.040039 0.037109
0 0.669434 0.311523 0.045898 0.044922
0 0.145508 0.322754 0.039062 0.041992
0 0.846680 0.319824 0.050781 0.038086
0 0.452148 0.343262 0.052734 0.081055
0 0.878418 0.323242 0.014648 0.015625
0 0.723633 0.359863 0.062500 0.073242
0 0.316406 0.342285 0.037109 0.036133
0 0.830566 0.351074 0.036133 0.047852
0 0.030762 0.351074 0.040039 0.040039
0 0.278809 0.349121 0.040039 0.036133
0 0.240723 0.359375 0.038086 0.042969
0 0.966797 0.372070 0.031250 0.039062
0 0.632324 0.381836 0.059570 0.046875
0 0.207031 0.385254 0.041016 0.040039
0 0.411133 0.394531 0.048828 0.037109
0 0.044922 0.419922 0.019531 0.013672
0 0.441895 0.423828 0.022461 0.021484
0 0.596191 0.452148 0.055664 0.062500
0 0.065430 0.440918 0.042969 0.038086
0 0.395508 0.430664 0.019531 0.015625
0 0.471680 0.448242 0.044922 0.048828
0 0.359375 0.440918 0.017578 0.020508
0 0.265137 0.457031 0.038086 0.042969
0 0.391602 0.452637 0.023438 0.026367
0 0.428711 0.458984 0.039062 0.037109
0 0.795898 0.458984 0.023438 0.027344
0 0.232910 0.468262 0.038086 0.041992
0 0.747559 0.483887 0.032227 0.032227
0 0.158203 0.501953 0.042969 0.039062
0 0.897949 0.502930 0.032227 0.035156
0 0.543457 0.516113 0.041992 0.055664
0 0.126953 0.510254 0.037109 0.040039
0 0.645020 0.523438 0.032227 0.041016
0 0.284180 0.525391 0.041016 0.042969
0 0.195312 0.514160 0.011719 0.010742
0 0.091309 0.536133 0.045898 0.044922
0 0.503418 0.533691 0.040039 0.040039
0 0.250000 0.541016 0.037109 0.048828
0 0.591797 0.525391 0.011719 0.009766
0 0.466797 0.545410 0.041016 0.045898
0 0.964355 0.541992 0.038086 0.041016
0 0.052246 0.551758 0.041992 0.054688
0 0.020020 0.561523 0.040039 0.046875
0 0.178711 0.566406 0.042969 0.039062
0 0.120117 0.560547 0.011719 0.011719
0 0.141602 0.583496 0.035156 0.041992
0 0.663086 0.569336 0.009766 0.009766
0 0.935059 0.595703 0.038086 0.041016
0 0.108887 0.598633 0.047852 0.042969
0 0.993164 0.598145 0.013672 0.032227
0 0.323730 0.607422 0.038086 0.044922
0 0.834961 0.605957 0.037109 0.043945
0 0.498535 0.631348 0.038086 0.036133
0 0.032715 0.634766 0.041992 0.039062
0 0.249512 0.638184 0.040039 0.036133
0 0.674805 0.638184 0.035156 0.038086
0 0.214844 0.655273 0.035156 0.048828
0 0.180664 0.664062 0.042969 0.044922
0 0.312012 0.648926 0.014648 0.014648
0 0.651855 0.674805 0.036133 0.039062
0 0.340820 0.692383 0.039062 0.039062
0 0.300781 0.701660 0.041016 0.047852
0 0.471191 0.721680 0.040039 0.039062
0 0.263184 0.725098 0.049805 0.040039
0 0.763184 0.740234 0.036133 0.035156
0 0.924316 0.756348 0.040039 0.038086
0 0.144043 0.753906 0.030273 0.023438
0 0.383789 0.752441 0.039062 0.020508
0 0.312012 0.788086 0.041992 0.041016
0 0.895508 0.809082 0.039062 0.040039
0 0.579590 0.820801 0.059570 0.041992
0 0.177734 0.809570 0.021484 0.011719
0 0.868652 0.860840 0.041992 0.038086
0 0.579590 0.860352 0.010742 0.011719
0 0.313965 0.882812 0.038086 0.033203
0 0.678223 0.892578 0.040039 0.042969
0 0.435059 0.902344 0.034180 0.042969
0 0.028320 0.907715 0.039062 0.043945
0 0.109375 0.914062 0.035156 0.039062
0 0.515625 0.929199 0.052734 0.043945
0 0.191895 0.934082 0.043945 0.043945
0 0.088867 0.942383 0.009766 0.011719
0 0.735352 0.964355 0.041016 0.040039
0 0.315430 0.965332 0.042969 0.038086
0 0.029785 0.975098 0.038086 0.049805
0 0.812500 0.966797 0.042969 0.035156
0 0.491211 0.971680 0.023438 0.035156
0 0.402344 0.983398 0.041016 0.033203
0 0.149414 0.986328 0.042969 0.027344
0 0.442383 0.990723 0.039062 0.018555
0 0.071289 0.991699 0.031250 0.016602
0 0.266602 0.995117 0.023438 0.009766
1 0.437012 0.055664 0.077148 0.111328
1 0.520996 0.036621 0.057617 0.073242
1 0.719727 0.023926 0.060547 0.047852
1 0.629395 0.022461 0.030273 0.037109
1 0.820801 0.036621 0.041992 0.034180
1 0.610352 0.053711 0.033203 0.039062
1 0.684082 0.085449 0.061523 0.073242
1 0.979004 0.080566 0.041992 0.045898
1 0.500977 0.092285 0.044922 0.040039
1 0.308594 0.095215 0.046875 0.041992
1 0.862305 0.102539 0.044922 0.039062
1 0.271484 0.136719 0.044922 0.044922
1 0.565430 0.157715 0.039062 0.038086
1 0.639648 0.168457 0.046875 0.047852
1 0.922852 0.180176 0.035156 0.041992
1 0.620605 0.204590 0.047852 0.041992
1 0.718750 0.207520 0.042969 0.040039
1 0.315918 0.221680 0.032227 0.035156
1 0.170410 0.220215 0.049805 0.030273
1 0.603516 0.236816 0.039062 0.045898
1 0.128906 0.244629 0.046875 0.041992
1 0.701172 0.245605 0.044922 0.043945
1 0.048340 0.259277 0.041992 0.043945
1 0.579102 0.263184 0.048828 0.051758
1 0.683105 0.279297 0.045898 0.044922
1 0.771973 0.276367 0.043945 0.041016
1 0.862793 0.283691 0.045898 0.038086
1 0.487793 0.300781 0.047852 0.046875
1 0.556641 0.303223 0.064453 0.047852
1 0.986816 0.319336 0.026367 0.039062
1 0.538086 0.360352 0.058594 0.085938
1 0.114746 0.340820 0.040039 0.042969
1 0.646484 0.347656 0.041016 0.046875
1 0.077637 0.370117 0.040039 0.044922
1 0.811523 0.389648 0.048828 0.042969
1 0.168457 0.391602 0.034180 0.039062
1 0.131836 0.401855 0.039062 0.047852
1 0.499023 0.409180 0.041016 0.046875
1 0.377930 0.407715 0.046875 0.038086
1 0.338379 0.417969 0.038086 0.041016
1 0.791992 0.424805 0.054688 0.046875
1 0.099609 0.424316 0.039062 0.038086
1 0.934570 0.421875 0.037109 0.035156
1 0.301270 0.447754 0.041992 0.051758
1 0.996094 0.462402 0.007812 0.028320
1 0.657227 0.482422 0.035156 0.048828
1 0.570312 0.479004 0.042969 0.038086
1 0.394043 0.484375 0.036133 0.037109
1 0.988770 0.487793 0.022461 0.041992
1 0.320312 0.507324 0.035156 0.030273
1 0.734375 0.533691 0.039062 0.055664
1 0.215332 0.557617 0.038086 0.041016
1 0.412598 0.566895 0.081055 0.053711
1 0.950684 0.569824 0.034180 0.038086
1 0.358398 0.591797 0.041016 0.050781
1 0.604004 0.594238 0.036133 0.041992
1 0.456543 0.588379 0.012695 0.016602
1 0.071777 0.612793 0.043945 0.038086
1 0.288086 0.619629 0.035156 0.041992
1 0.922363 0.621582 0.038086 0.040039
1 0.579590 0.631836 0.040039 0.042969
1 0.987793 0.628906 0.024414 0.033203
1 0.453613 0.640137 0.043945 0.040039
1 0.908203 0.648926 0.037109 0.041992
1 0.560059 0.663574 0.047852 0.055664
1 0.979980 0.655762 0.040039 0.032227
1 0.805664 0.659180 0.041016 0.035156
1 0.416992 0.661621 0.039062 0.038086
1 0.145020 0.683594 0.047852 0.060547
1 0.968262 0.677246 0.040039 0.038086
1 0.790527 0.686523 0.049805 0.037109
1 0.108398 0.696777 0.039062 0.041992
1 0.951660 0.706543 0.043945 0.034180
1 0.053223 0.724609 0.045898 0.039062
1 0.871094 0.722168 0.037109 0.034180
1 0.224609 0.732910 0.041016 0.047852
1 0.427734 0.741211 0.042969 0.037109
1 0.523926 0.745117 0.045898 0.042969
1 0.620117 0.751953 0.060547 0.048828
1 0.854004 0.750977 0.040039 0.037109
1 0.184570 0.765625 0.046875 0.042969
1 0.837402 0.779785 0.036133 0.038086
1 0.909180 0.785156 0.044922 0.033203
1 0.495117 0.793457 0.044922 0.041992
1 0.262695 0.807129 0.044922 0.040039
1 0.064941 0.813477 0.034180 0.041016
1 0.721680 0.814941 0.035156 0.038086
1 0.477051 0.828125 0.036133 0.041016
1 0.810059 0.829590 0.041992 0.040039
1 0.125488 0.833496 0.043945 0.041992
1 0.882324 0.834961 0.041992 0.041016
1 0.170898 0.839355 0.046875 0.040039
1 0.709473 0.845215 0.041992 0.034180
1 0.962891 0.863281 0.056641 0.062500
1 0.549805 0.854980 0.035156 0.041992
1 0.270020 0.866699 0.051758 0.045898
1 0.357422 0.890625 0.041016 0.035156
1 0.941895 0.900391 0.043945 0.037109
1 0.069824 0.908203 0.041992 0.050781
1 0.765625 0.907715 0.039062 0.034180
1 0.840332 0.913574 0.040039 0.040039
1 0.148926 0.930664 0.043945 0.044922
1 0.923828 0.925781 0.035156 0.031250
1 0.752441 0.935059 0.040039 0.038086
1 0.824707 0.938477 0.047852 0.035156
1 0.992676 0.935547 0.014648 0.017578
1 0.916016 0.952148 0.041016 0.041016
1 0.642578 0.957031 0.029297 0.027344
1 0.186523 0.958496 0.029297 0.020508
1 0.895020 0.979980 0.043945 0.040039
1 0.793945 0.981934 0.052734 0.036133
1 0.108887 0.989258 0.036133 0.021484
1 0.182617 0.993164 0.021484 0.013672
2 0.326172 0.056152 0.048828 0.053711
2 0.799316 0.073730 0.045898 0.041992
2 0.656250 0.130371 0.048828 0.049805
2 0.480469 0.126953 0.039062 0.039062
2 0.760254 0.145020 0.047852 0.038086
2 0.374512 0.159180 0.047852 0.046875
2 0.537598 0.192871 0.038086 0.045898
2 0.898438 0.219727 0.042969 0.039062
2 0.404785 0.254395 0.038086 0.038086
2 0.501953 0.264648 0.042969 0.046875
2 0.367676 0.308594 0.069336 0.068359
2 0.223633 0.298828 0.048828 0.039062
2 0.980469 0.336914 0.039062 0.033203
2 0.955566 0.398926 0.030273 0.040039
2 0.693359 0.414551 0.044922 0.038086
2 0.026367 0.452148 0.044922 0.042969
2 0.924805 0.451660 0.031250 0.036133
2 0.909180 0.476562 0.029297 0.037109
2 0.194336 0.487305 0.041016 0.042969
2 0.356445 0.495605 0.039062 0.036133
2 0.981445 0.517090 0.037109 0.034180
2 0.877441 0.528320 0.038086 0.035156
2 0.621094 0.555176 0.048828 0.041992
2 0.864746 0.554199 0.036133 0.041992
2 0.710938 0.564941 0.041016 0.045898
2 0.850586 0.578613 0.039062 0.043945
2 0.691406 0.601074 0.046875 0.041992
2 0.377441 0.670898 0.036133 0.048828
2 0.889160 0.687012 0.059570 0.065430
2 0.634277 0.714355 0.038086 0.041992
2 0.779785 0.714355 0.041992 0.030273
2 0.938477 0.732910 0.039062 0.030273
2 0.751953 0.763184 0.041016 0.041992
2 0.058594 0.767578 0.042969 0.044922
2 0.349609 0.771973 0.044922 0.040039
2 0.593262 0.786621 0.040039 0.041992
2 0.739746 0.788574 0.034180 0.038086
2 0.989746 0.798340 0.020508 0.034180
2 0.825684 0.803711 0.047852 0.037109
2 0.982422 0.825195 0.035156 0.041016
2 0.794922 0.857910 0.041016 0.038086
2 0.457031 0.865723 0.035156 0.043945
2 0.690918 0.869141 0.038086 0.035156
2 0.779785 0.882812 0.040039 0.037109
2 0.855469 0.885742 0.044922 0.035156
2 0.534668 0.895508 0.034180 0.046875
2 0.667969 0.919922 0.039062 0.039062
2 0.231934 0.944336 0.041992 0.041016
2 0.275879 0.950684 0.040039 0.036133
2 0.980469 0.961914 0.039062 0.035156
2 0.359863 0.974121 0.040039 0.032227
2 0.961914 0.986816 0.037109 0.026367
2 0.646973 0.990723 0.040039 0.018555
3 0.162598 0.529297 0.018555 0.013672
3 0.625488 0.789551 0.018555 0.018555
