0 0.011230 0.013672 0.022461 0.027344
0 0.249512 0.010254 0.036133 0.020508
0 0.342285 0.009766 0.034180 0.019531
0 0.690430 0.009766 0.035156 0.019531
0 0.950195 0.013184 0.048828 0.026367
0 0.938965 0.048340 0.055664 0.047852
0 0.470215 0.068359 0.045898 0.044922
0 0.918945 0.155273 0.054688 0.062500
0 0.330078 0.161133 0.046875 0.042969
0 0.068359 0.175293 0.054688 0.045898
0 0.990234 0.184082 0.019531 0.049805
0 0.083008 0.220703 0.044922 0.046875
0 0.556152 0.231934 0.047852 0.051758
0 0.372070 0.240234 0.041016 0.037109
0 0.355469 0.261230 0.021484 0.018555
0 0.560547 0.290039 0.027344 0.041016
0 0.678223 0.328125 0.010742 0.013672
0 0.119629 0.347168 0.045898 0.043945
0 0.632324 0.351562 0.038086 0.042969
0 0.966309 0.356934 0.051758 0.047852
0 0.865723 0.371582 0.049805 0.047852
0 0.388184 0.377930 0.036133 0.041016
0 0.476074 0.381836 0.036133 0.044922
0 0.616699 0.394043 0.040039 0.045898
0 0.129883 0.396484 0.044922 0.044922
0 0.032227 0.399414 0.042969 0.042969
0 0.799805 0.417480 0.021484 0.024414
0 0.858887 0.437500 0.040039 0.056641
0 0.004395 0.416016 0.008789 0.009766
0 0.584473 0.436035 0.032227 0.045898
0 0.035645 0.442383 0.043945 0.041016
0 0.990723 0.450684 0.018555 0.024414
0 0.381348 0.467285 0.032227 0.041992
0 0.034180 0.527344 0.052734 0.044922
0 0.994629 0.520996 0.010742 0.034180
0 0.138672 0.531738 0.046875 0.047852
0 0.009277 0.547363 0.012695 0.010742
0 0.892090 0.569336 0.053711 0.046875
0 0.045410 0.576660 0.059570 0.045898
0 0.153809 0.578125 0.053711 0.050781
0 0.563965 0.584473 0.038086 0.053711
0 0.479004 0.644043 0.049805 0.034180
0 0.517578 0.677734 0.007812 0.011719
0 0.017578 0.725586 0.035156 0.044922
0 0.168945 0.737793 0.050781 0.063477
0 0.102539 0.817383 0.056641 0.050781
0 0.322754 0.816406 0.057617 0.048828
0 0.060059 0.843262 0.055664 0.051758
0 0.193359 0.848145 0.048828 0.041992
0 0.150391 0.876953 0.037109 0.046875
0 0.268555 0.909668 0.050781 0.045898
0 0.174805 0.977539 0.046875 0.044922
0 0.024902 0.992676 0.038086 0.014648
1 0.529297 0.013184 0.035156 0.026367
1 0.602539 0.020996 0.031250 0.038086
1 0.454102 0.027832 0.033203 0.038086
1 0.687500 0.041504 0.042969 0.045898
1 0.017090 0.047363 0.034180 0.045898
1 0.588379 0.062988 0.038086 0.041992
1 0.397949 0.096191 0.067383 0.088867
1 0.303223 0.104004 0.065430 0.088867
1 0.679688 0.086426 0.039062 0.045898
1 0.029297 0.087891 0.046875 0.041016
1 0.920898 0.099609 0.058594 0.046875
1 0.497070 0.107910 0.041016 0.045898
1 0.592285 0.107422 0.026367 0.039062
1 0.668945 0.151855 0.039062 0.090820
1 0.058594 0.130859 0.066406 0.042969
1 0.514648 0.149414 0.041016 0.044922
1 0.537598 0.187500 0.041992 0.042969
1 0.355469 0.206055 0.048828 0.050781
1 0.660156 0.219238 0.039062 0.045898
1 0.890137 0.256836 0.049805 0.052734
1 0.649902 0.261719 0.030273 0.048828
1 0.093262 0.263672 0.036133 0.041016
1 0.021973 0.317871 0.043945 0.116211
1 0.385742 0.287109 0.042969 0.048828
1 0.479492 0.286133 0.042969 0.046875
1 0.105469 0.306152 0.041016 0.043945
1 0.645020 0.306152 0.038086 0.041992
1 0.391602 0.333008 0.031250 0.039062
1 0.479980 0.335938 0.030273 0.046875
1 0.544434 0.342773 0.041992 0.048828
1 0.949707 0.414551 0.041992 0.063477
1 0.387695 0.422852 0.031250 0.046875
1 0.475098 0.424805 0.038086 0.039062
1 0.136719 0.441895 0.050781 0.041992
1 0.480469 0.479980 0.037109 0.036133
1 0.569824 0.483398 0.032227 0.044922
1 0.139648 0.485352 0.054688 0.042969
1 0.390137 0.511719 0.034180 0.044922
1 0.558594 0.530273 0.035156 0.044922
1 0.416504 0.555664 0.045898 0.039062
1 0.446289 0.599121 0.044922 0.047852
1 0.060059 0.615234 0.057617 0.039062
1 0.211426 0.655762 0.040039 0.051758
1 0.091797 0.666016 0.054688 0.050781
1 0.252930 0.679688 0.042969 0.060547
1 0.058105 0.690918 0.047852 0.077148
1 0.285645 0.719238 0.057617 0.053711
1 0.306641 0.764648 0.052734 0.052734
1 0.205078 0.792480 0.042969 0.038086
1 0.322266 0.868164 0.039062 0.048828
1 0.109375 0.895508 0.048828 0.050781
2 0.366699 0.039062 0.045898 0.044922
2 0.270508 0.045410 0.042969 0.047852
2 0.437500 0.178223 0.056641 0.092773
2 0.900879 0.208496 0.063477 0.057617
2 0.980957 0.250488 0.038086 0.063477
2 0.469238 0.241699 0.038086 0.038086
2 0.879883 0.314453 0.052734 0.062500
2 0.995117 0.411133 0.009766 0.019531
2 0.796875 0.452637 0.042969 0.043945
2 0.781250 0.524414 0.050781 0.046875
2 0.832520 0.581055 0.061523 0.052734
2 0.179199 0.622070 0.049805 0.054688
2 0.543945 0.649414 0.044922 0.050781
2 0.143555 0.771973 0.076172 0.053711
2 0.076172 0.932617 0.050781 0.052734
2 0.046387 0.976562 0.041992 0.046875
2 0.422363 0.980469 0.081055 0.039062
3 0.975586 0.560059 0.048828 0.038086
