0 0.499023 0.014160 0.041016 0.028320
0 0.679688 0.022461 0.046875 0.033203
0 0.531250 0.040527 0.058594 0.040039
0 0.711426 0.047363 0.020508 0.030273
0 0.590820 0.054199 0.035156 0.036133
0 0.686523 0.054688 0.039062 0.033203
0 0.522949 0.080566 0.047852 0.032227
0 0.596191 0.088379 0.053711 0.038086
0 0.882324 0.103027 0.059570 0.057617
0 0.541016 0.113770 0.052734 0.034180
0 0.460938 0.133789 0.039062 0.041016
0 0.900391 0.129883 0.037109 0.025391
0 0.417969 0.152344 0.041016 0.041016
0 0.716309 0.156738 0.034180 0.032227
0 0.895020 0.158203 0.040039 0.033203
0 0.642090 0.177246 0.030273 0.036133
0 0.729004 0.187012 0.036133 0.032227
0 0.574707 0.206055 0.036133 0.044922
0 0.651367 0.212891 0.033203 0.039062
0 0.742188 0.216797 0.031250 0.033203
0 0.496582 0.233887 0.030273 0.034180
0 0.589844 0.239746 0.042969 0.043945
0 0.671875 0.247559 0.041016 0.038086
0 0.770996 0.271484 0.047852 0.050781
0 0.520508 0.294434 0.058594 0.092773
0 0.602051 0.275879 0.038086 0.038086
0 0.690918 0.279785 0.030273 0.040039
0 0.944824 0.287598 0.055664 0.026367
0 0.612793 0.310547 0.036133 0.035156
0 0.699219 0.315430 0.035156 0.035156
0 0.662598 0.322754 0.028320 0.034180
0 0.634766 0.345703 0.050781 0.052734
0 0.709473 0.347656 0.038086 0.037109
0 0.528809 0.349609 0.040039 0.035156
0 0.976562 0.354492 0.042969 0.035156
0 0.647461 0.406250 0.027344 0.035156
0 0.738281 0.413086 0.035156 0.039062
0 0.842773 0.434570 0.064453 0.066406
0 0.666992 0.440430 0.048828 0.042969
0 0.749512 0.463867 0.038086 0.066406
0 0.579102 0.470703 0.039062 0.037109
0 0.675293 0.475098 0.036133 0.038086
0 0.930664 0.490723 0.035156 0.036133
0 0.858398 0.501953 0.035156 0.039062
0 0.598145 0.502930 0.034180 0.037109
0 0.768066 0.511230 0.028320 0.032227
0 0.948242 0.525391 0.031250 0.031250
0 0.609863 0.533691 0.038086 0.034180
0 0.702148 0.544434 0.035156 0.049805
0 0.784180 0.545410 0.033203 0.038086
0 0.880371 0.552246 0.040039 0.030273
0 0.960449 0.576660 0.059570 0.069336
0 0.726562 0.583984 0.046875 0.056641
0 0.799805 0.581543 0.035156 0.030273
0 0.630859 0.606934 0.039062 0.036133
0 0.971680 0.634766 0.025391 0.025391
0 0.738281 0.648438 0.037109 0.046875
0 0.908203 0.647949 0.037109 0.036133
0 0.812012 0.665039 0.055664 0.054688
0 0.991699 0.656738 0.016602 0.038086
0 0.664062 0.676758 0.033203 0.033203
0 0.916016 0.688477 0.027344 0.037109
0 0.674316 0.707031 0.032227 0.033203
0 0.851074 0.726562 0.053711 0.064453
0 0.948730 0.742188 0.041992 0.046875
0 0.693848 0.734863 0.030273 0.028320
0 0.767090 0.744629 0.040039 0.036133
0 0.778320 0.775391 0.033203 0.025391
0 0.516113 0.825195 0.073242 0.066406
0 0.793945 0.808594 0.031250 0.031250
0 0.977051 0.826172 0.040039 0.044922
0 0.904785 0.849121 0.034180 0.032227
0 0.874023 0.864258 0.033203 0.044922
0 0.424316 0.885742 0.069336 0.068359
0 0.782227 0.911621 0.048828 0.063477
0 0.539551 0.949219 0.069336 0.054688
0 0.826660 0.944336 0.049805 0.044922
0 0.812500 0.984375 0.044922 0.031250
1 0.748047 0.024902 0.044922 0.049805
1 0.676758 0.357422 0.031250 0.039062
1 0.536621 0.377930 0.043945 0.037109
1 0.724609 0.379883 0.033203 0.037109
1 0.567871 0.417969 0.034180 0.041016
1 0.624512 0.573242 0.028320 0.039062
1 0.884277 0.583984 0.038086 0.037109
1 0.767090 0.701172 0.041992 0.042969
1 0.874023 0.775391 0.031250 0.031250
1 0.718262 0.822266 0.030273 0.035156
2 0.894043 0.620605 0.036133 0.038086
2 0.649414 0.639648 0.035156 0.037109
