0 0.919922 0.199219 0.035156 0.042969
0 0.870605 0.253906 0.028320 0.033203
0 0.946289 0.312988 0.035156 0.041992
0 0.565430 0.330078 0.035156 0.044922
0 0.518066 0.345703 0.036133 0.046875
0 0.482422 0.354492 0.037109 0.044922
0 0.921875 0.359863 0.015625 0.014648
0 0.963379 0.387207 0.034180 0.043945
0 0.731934 0.402344 0.047852 0.041016
0 0.764648 0.448242 0.039062 0.041016
0 0.983398 0.506348 0.033203 0.045898
0 0.887695 0.514160 0.035156 0.028320
0 0.737305 0.552246 0.035156 0.032227
0 0.837891 0.657715 0.187500 0.196289
0 0.205566 0.758301 0.067383 0.092773
0 0.653320 0.823242 0.099609 0.146484
0 0.301270 0.868652 0.038086 0.049805
1 0.850586 0.156738 0.041016 0.053711
1 0.911133 0.162109 0.031250 0.041016
1 0.603027 0.228516 0.040039 0.037109
1 0.928223 0.237305 0.036133 0.042969
1 0.531738 0.254395 0.051758 0.040039
1 0.879395 0.287598 0.038086 0.034180
1 0.608398 0.295898 0.033203 0.035156
1 0.715332 0.320801 0.040039 0.026367
1 0.622559 0.334473 0.036133 0.034180
1 0.808594 0.342285 0.041016 0.038086
1 0.952637 0.348633 0.028320 0.039062
1 0.445801 0.363770 0.034180 0.051758
1 0.895996 0.356445 0.034180 0.035156
1 0.628906 0.369141 0.037109 0.033203
1 0.397949 0.379395 0.034180 0.047852
1 0.820312 0.380859 0.035156 0.039062
1 0.907715 0.390625 0.041992 0.039062
1 0.645020 0.421387 0.049805 0.077148
1 0.966797 0.427246 0.044922 0.043945
1 0.921387 0.427246 0.034180 0.040039
1 0.804199 0.435547 0.036133 0.037109
1 0.841797 0.430664 0.041016 0.029297
1 0.208984 0.453613 0.031250 0.036133
1 0.734863 0.459473 0.034180 0.034180
1 0.662109 0.474609 0.041016 0.039062
1 0.651855 0.515625 0.036133 0.037109
1 0.845215 0.515137 0.040039 0.032227
1 0.769531 0.540527 0.041016 0.040039
1 0.991699 0.547852 0.016602 0.044922
1 0.225098 0.555176 0.045898 0.038086
1 0.975586 0.949219 0.048828 0.058594
2 0.903320 0.123047 0.035156 0.042969
2 0.864746 0.218750 0.032227 0.035156
2 0.602539 0.262695 0.031250 0.037109
2 0.937500 0.275391 0.033203 0.044922
2 0.886719 0.324707 0.027344 0.036133
2 0.715332 0.366211 0.038086 0.039062
2 0.958008 0.512695 0.009766 0.009766
2 0.684570 0.555664 0.046875 0.042969
2 0.996094 0.624512 0.007812 0.020508
3 0.937012 0.399902 0.012695 0.010742
3 0.982422 0.465332 0.035156 0.040039
3 0.934082 0.487305 0.041992 0.037109
