0 0.569824 0.004883 0.038086 0.009766
0 0.785645 0.003906 0.018555 0.007812
0 0.814453 0.028809 0.017578 0.014648
0 0.786621 0.050781 0.034180 0.037109
0 0.823242 0.071777 0.037109 0.032227
0 0.403320 0.090332 0.042969 0.043945
0 0.929199 0.076660 0.020508 0.016602
0 0.892578 0.104980 0.041016 0.045898
0 0.454590 0.167480 0.022461 0.030273
0 0.867676 0.180664 0.036133 0.035156
0 0.706055 0.179688 0.031250 0.031250
0 0.897949 0.205078 0.034180 0.037109
0 0.992188 0.200684 0.015625 0.030273
0 0.774414 0.213867 0.037109 0.031250
0 0.595215 0.255371 0.028320 0.012695
0 0.945801 0.265625 0.032227 0.031250
0 0.499512 0.285645 0.038086 0.036133
0 0.919434 0.291504 0.020508 0.020508
0 0.891602 0.305664 0.041016 0.041016
0 0.801270 0.320801 0.040039 0.040039
0 0.725586 0.343262 0.054688 0.049805
0 0.883301 0.390137 0.032227 0.034180
0 0.904297 0.432617 0.037109 0.039062
0 0.364746 0.433594 0.034180 0.033203
0 0.322754 0.468262 0.059570 0.055664
0 0.864258 0.469727 0.033203 0.044922
0 0.986816 0.485352 0.020508 0.025391
0 0.360352 0.510742 0.044922 0.046875
0 0.012695 0.504883 0.017578 0.023438
0 0.397461 0.517578 0.021484 0.023438
0 0.003906 0.551270 0.007812 0.028320
0 0.637207 0.562012 0.014648 0.016602
0 0.233887 0.588867 0.049805 0.044922
0 0.395996 0.607910 0.065430 0.051758
0 0.888184 0.610840 0.055664 0.053711
0 0.047852 0.629395 0.044922 0.043945
0 0.294434 0.640137 0.041992 0.047852
0 0.424805 0.636719 0.019531 0.021484
0 0.394531 0.658203 0.039062 0.041016
0 0.690430 0.654785 0.035156 0.032227
0 0.836426 0.658203 0.032227 0.029297
0 0.869141 0.676758 0.037109 0.037109
0 0.796387 0.678711 0.034180 0.031250
0 0.989258 0.714844 0.021484 0.048828
0 0.183105 0.718262 0.053711 0.043945
0 0.716797 0.708496 0.015625 0.016602
0 0.528809 0.723145 0.026367 0.018555
0 0.416992 0.745117 0.044922 0.041016
0 0.187012 0.782227 0.053711 0.070312
0 0.327637 0.800781 0.055664 0.091797
0 0.770996 0.787598 0.057617 0.047852
0 0.458496 0.783691 0.018555 0.020508
0 0.584961 0.833008 0.037109 0.035156
0 0.342285 0.877930 0.057617 0.044922
0 0.987793 0.866699 0.024414 0.018555
0 0.605957 0.875000 0.016602 0.013672
0 0.669922 0.877930 0.015625 0.017578
0 0.738281 0.876465 0.019531 0.012695
0 0.565430 0.885254 0.015625 0.014648
0 0.670898 0.914062 0.037109 0.037109
0 0.826660 0.914062 0.032227 0.033203
0 0.567871 0.916504 0.034180 0.030273
0 0.335938 0.930664 0.068359 0.052734
0 0.218262 0.941895 0.045898 0.055664
0 0.819336 0.947266 0.031250 0.041016
0 0.163086 0.970215 0.048828 0.059570
0 0.674316 0.965820 0.041992 0.046875
0 0.873535 0.958984 0.034180 0.031250
0 0.134766 0.991699 0.052734 0.016602
1 0.541504 0.007324 0.010742 0.014648
1 0.607422 0.008301 0.033203 0.016602
1 0.888184 0.005371 0.040039 0.010742
1 0.936035 0.017090 0.043945 0.034180
1 0.720215 0.023438 0.034180 0.037109
1 0.977539 0.020508 0.029297 0.025391
1 0.752441 0.036621 0.032227 0.038086
1 0.400879 0.042969 0.030273 0.039062
1 0.833984 0.043457 0.031250 0.022461
1 0.525391 0.060547 0.035156 0.031250
1 0.854492 0.080078 0.035156 0.046875
1 0.596680 0.073730 0.031250 0.030273
1 0.633789 0.081543 0.031250 0.036133
1 0.669922 0.082520 0.037109 0.028320
1 0.740234 0.112305 0.033203 0.042969
1 0.773438 0.124512 0.035156 0.038086
1 0.405762 0.136719 0.043945 0.041016
1 0.799316 0.145996 0.053711 0.047852
1 0.529297 0.140137 0.033203 0.032227
1 0.601562 0.148926 0.037109 0.030273
1 0.836426 0.158203 0.041992 0.037109
1 0.952148 0.155273 0.031250 0.031250
1 0.670898 0.165527 0.033203 0.036133
1 0.979492 0.179199 0.039062 0.040039
1 0.414062 0.187012 0.041016 0.045898
1 0.484863 0.213867 0.038086 0.029297
1 0.527344 0.216309 0.033203 0.032227
1 0.917480 0.232910 0.051758 0.038086
1 0.420898 0.239746 0.033203 0.043945
1 0.638184 0.235840 0.032227 0.032227
1 0.673340 0.243652 0.036133 0.034180
1 0.709473 0.262207 0.032227 0.036133
1 0.864258 0.275391 0.031250 0.041016
1 0.541504 0.286621 0.034180 0.034180
1 0.632812 0.299805 0.062500 0.056641
1 0.771973 0.301270 0.040039 0.043945
1 0.691895 0.327637 0.041992 0.049805
1 0.921875 0.325195 0.039062 0.041016
1 0.830566 0.349609 0.036133 0.046875
1 0.857422 0.370117 0.035156 0.042969
1 0.995117 0.393066 0.009766 0.038086
1 0.780273 0.395996 0.044922 0.036133
1 0.578125 0.435059 0.042969 0.067383
1 0.657715 0.431152 0.065430 0.057617
1 0.806641 0.425781 0.041016 0.041016
1 0.984863 0.452637 0.030273 0.040039
1 0.719238 0.464844 0.051758 0.046875
1 0.261230 0.472168 0.049805 0.057617
1 0.942871 0.456543 0.028320 0.016602
1 0.167480 0.493652 0.047852 0.059570
1 0.587891 0.487305 0.037109 0.041016
1 0.763184 0.494141 0.047852 0.052734
1 0.690918 0.494141 0.045898 0.046875
1 0.124512 0.507812 0.053711 0.052734
1 0.077637 0.516602 0.040039 0.046875
1 0.664551 0.523926 0.043945 0.047852
1 0.909180 0.521484 0.041016 0.042969
1 0.037109 0.529785 0.041016 0.047852
1 0.608887 0.537109 0.049805 0.054688
1 0.749023 0.531250 0.039062 0.031250
1 0.937988 0.542480 0.043945 0.045898
1 0.558594 0.548828 0.046875 0.042969
1 0.711426 0.553711 0.047852 0.048828
1 0.833008 0.553711 0.035156 0.039062
1 0.504883 0.560059 0.066406 0.049805
1 0.379883 0.566406 0.048828 0.041016
1 0.963379 0.567871 0.040039 0.041992
1 0.279297 0.579102 0.041016 0.058594
1 0.686035 0.580078 0.041992 0.035156
1 0.190918 0.597656 0.040039 0.052734
1 0.637695 0.590332 0.033203 0.034180
1 0.588379 0.602539 0.069336 0.041016
1 0.145020 0.614746 0.045898 0.061523
1 0.534668 0.616211 0.034180 0.029297
1 0.757812 0.622070 0.042969 0.035156
1 0.499512 0.622559 0.034180 0.030273
1 0.016113 0.644043 0.032227 0.063477
1 0.728027 0.641113 0.040039 0.030273
1 0.655762 0.660645 0.034180 0.028320
1 0.946289 0.673340 0.042969 0.049805
1 0.622559 0.673340 0.038086 0.030273
1 0.587891 0.679688 0.035156 0.035156
1 0.058594 0.695312 0.054688 0.052734
1 0.550293 0.687500 0.034180 0.033203
1 0.412598 0.704102 0.051758 0.048828
1 0.518066 0.695801 0.034180 0.032227
1 0.894043 0.711914 0.049805 0.048828
1 0.789062 0.718262 0.031250 0.034180
1 0.929199 0.709961 0.012695 0.015625
1 0.647949 0.729004 0.040039 0.034180
1 0.705078 0.737793 0.050781 0.051758
1 0.914062 0.741699 0.035156 0.038086
1 0.527344 0.763184 0.035156 0.036133
1 0.604980 0.757812 0.032227 0.021484
1 0.966797 0.790039 0.035156 0.037109
1 0.432129 0.798340 0.049805 0.041992
1 0.992188 0.804199 0.015625 0.030273
1 0.619629 0.820801 0.038086 0.028320
1 0.773926 0.823242 0.036133 0.027344
1 0.902832 0.829590 0.032227 0.032227
1 0.449219 0.840820 0.060547 0.050781
1 0.661621 0.830566 0.022461 0.030273
1 0.551270 0.845703 0.028320 0.046875
1 0.765137 0.855469 0.034180 0.037109
1 0.930176 0.853027 0.020508 0.034180
1 0.836426 0.877441 0.034180 0.036133
1 0.450684 0.893066 0.043945 0.045898
1 0.625000 0.891602 0.041016 0.033203
1 0.761719 0.895508 0.035156 0.033203
1 0.979980 0.910645 0.028320 0.034180
1 0.754883 0.929199 0.027344 0.041992
1 0.967773 0.963379 0.039062 0.069336
1 0.744141 0.989258 0.031250 0.021484
2 0.645508 0.010254 0.037109 0.020508
2 0.685547 0.014648 0.042969 0.029297
2 0.563477 0.070312 0.031250 0.031250
2 0.708496 0.097656 0.034180 0.037109
2 0.917969 0.124023 0.031250 0.042969
2 0.562988 0.139648 0.034180 0.035156
2 0.637207 0.155762 0.032227 0.034180
2 0.740723 0.193359 0.034180 0.035156
2 0.567383 0.219727 0.035156 0.033203
2 0.603516 0.222656 0.041016 0.039062
2 0.820312 0.238281 0.041016 0.041016
2 0.444336 0.285156 0.062500 0.052734
2 0.740234 0.275391 0.039062 0.035156
2 0.583984 0.288086 0.037109 0.046875
2 0.993164 0.354004 0.013672 0.032227
2 0.753906 0.368164 0.048828 0.046875
2 0.518555 0.415527 0.039062 0.024414
2 0.833496 0.443848 0.041992 0.040039
2 0.884766 0.493652 0.042969 0.041992
2 0.809570 0.580566 0.042969 0.040039
2 0.786133 0.603027 0.041016 0.038086
2 0.922363 0.641113 0.040039 0.040039
2 0.164551 0.670898 0.067383 0.048828
2 0.908691 0.668945 0.012695 0.011719
2 0.974121 0.692871 0.041992 0.038086
2 0.313477 0.734375 0.058594 0.046875
2 0.062988 0.740723 0.053711 0.051758
2 0.786133 0.751465 0.029297 0.038086
2 0.939453 0.760742 0.031250 0.039062
2 0.570801 0.765137 0.038086 0.041992
2 0.073730 0.798828 0.057617 0.060547
2 0.705078 0.797852 0.042969 0.042969
2 0.860840 0.794434 0.040039 0.034180
2 0.139160 0.812988 0.047852 0.055664
2 0.844238 0.840332 0.032227 0.034180
2 0.873535 0.853516 0.014648 0.017578
2 0.270020 0.927734 0.047852 0.052734
2 0.436035 0.954590 0.045898 0.059570
2 0.734863 0.958984 0.032227 0.031250
2 0.907715 0.969727 0.038086 0.031250
2 0.481934 0.980469 0.049805 0.039062
2 0.583984 0.984863 0.037109 0.030273
2 0.630371 0.990723 0.034180 0.018555
