0 0.074707 0.019531 0.038086 0.039062
0 0.750000 0.013672 0.039062 0.027344
0 0.889160 0.032715 0.038086 0.045898
0 0.728516 0.034180 0.037109 0.044922
0 0.991699 0.040527 0.016602 0.041992
0 0.019043 0.042969 0.038086 0.042969
0 0.916504 0.051758 0.045898 0.039062
0 0.945801 0.080566 0.038086 0.049805
0 0.678223 0.097656 0.038086 0.048828
0 0.975586 0.106934 0.044922 0.040039
0 0.834473 0.110352 0.040039 0.042969
0 0.654297 0.132812 0.042969 0.042969
0 0.764648 0.158203 0.072266 0.074219
0 0.830566 0.205078 0.065430 0.074219
0 0.946777 0.207520 0.038086 0.047852
0 0.686523 0.213867 0.037109 0.041016
0 0.976074 0.233398 0.038086 0.050781
0 0.603516 0.218750 0.027344 0.019531
0 0.870117 0.245605 0.041016 0.038086
0 0.748047 0.262207 0.037109 0.041992
0 0.994629 0.258301 0.010742 0.032227
0 0.897461 0.269531 0.039062 0.042969
0 0.776367 0.285156 0.037109 0.041016
0 0.930664 0.296387 0.039062 0.038086
0 0.805664 0.311523 0.041016 0.042969
0 0.978027 0.314941 0.041992 0.045898
0 0.694824 0.323730 0.043945 0.040039
0 0.833984 0.335449 0.044922 0.041992
0 0.723633 0.339355 0.052734 0.040039
0 0.994629 0.348145 0.010742 0.036133
0 0.603027 0.362793 0.053711 0.045898
0 0.749023 0.370605 0.041016 0.041992
0 0.471680 0.377930 0.041016 0.044922
0 0.891113 0.389648 0.038086 0.048828
0 0.990234 0.393555 0.019531 0.039062
0 0.918457 0.423828 0.043945 0.037109
0 0.966797 0.434570 0.035156 0.054688
0 0.424316 0.434082 0.045898 0.047852
0 0.731445 0.479980 0.046875 0.043945
0 0.487305 0.510742 0.074219 0.078125
0 0.374512 0.497559 0.040039 0.049805
0 0.750488 0.510254 0.040039 0.045898
0 0.875977 0.520508 0.042969 0.046875
0 0.772461 0.538574 0.039062 0.045898
0 0.529297 0.542969 0.052734 0.048828
0 0.908203 0.549316 0.039062 0.045898
0 0.446289 0.556152 0.050781 0.045898
0 0.325684 0.562012 0.041992 0.049805
0 0.568359 0.565430 0.041016 0.048828
0 0.706055 0.575684 0.048828 0.043945
0 0.797363 0.580078 0.038086 0.050781
0 0.596680 0.592773 0.039062 0.042969
0 0.827637 0.610840 0.040039 0.047852
0 0.724609 0.608887 0.046875 0.040039
0 0.402832 0.618164 0.043945 0.048828
0 0.618652 0.627930 0.040039 0.054688
0 0.287109 0.624512 0.033203 0.043945
0 0.746094 0.639648 0.041016 0.041016
0 0.857910 0.641113 0.049805 0.043945
0 0.384766 0.657227 0.037109 0.056641
0 0.645996 0.657715 0.041992 0.047852
0 0.264160 0.662598 0.045898 0.041992
0 0.886230 0.664551 0.041992 0.043945
0 0.426270 0.685059 0.047852 0.045898
0 0.914551 0.689941 0.040039 0.043945
0 0.456543 0.717773 0.047852 0.042969
0 0.827148 0.720703 0.039062 0.042969
0 0.486328 0.739258 0.054688 0.041016
0 0.365234 0.758789 0.042969 0.044922
0 0.993652 0.776367 0.012695 0.048828
0 0.754883 0.776855 0.042969 0.043945
0 0.285645 0.784668 0.043945 0.043945
0 0.312012 0.810059 0.047852 0.038086
0 0.129395 0.847168 0.047852 0.047852
0 0.920898 0.858398 0.037109 0.046875
0 0.100098 0.872559 0.047852 0.051758
0 0.766602 0.882324 0.048828 0.040039
0 0.256348 0.891602 0.040039 0.041016
0 0.401367 0.906738 0.044922 0.041992
0 0.736328 0.906250 0.052734 0.041016
0 0.279785 0.922363 0.038086 0.051758
0 0.866699 0.917480 0.047852 0.040039
0 0.175781 0.923340 0.044922 0.040039
0 0.043457 0.951660 0.065430 0.075195
0 0.541992 0.940918 0.035156 0.049805
0 0.310059 0.950684 0.038086 0.047852
0 0.201660 0.951660 0.045898 0.043945
0 0.339844 0.974609 0.039062 0.044922
0 0.016113 0.984375 0.032227 0.031250
0 0.492676 0.984375 0.049805 0.031250
0 0.790039 0.986328 0.041016 0.027344
0 0.106934 0.987793 0.034180 0.024414
0 0.259277 0.989258 0.047852 0.021484
1 0.859863 0.016113 0.038086 0.032227
1 0.702148 0.061035 0.037109 0.041992
1 0.859863 0.132812 0.047852 0.039062
1 0.887695 0.159668 0.037109 0.049805
1 0.650391 0.187988 0.048828 0.049805
1 0.714844 0.238281 0.044922 0.041016
1 0.581055 0.251953 0.044922 0.046875
1 0.639160 0.269043 0.038086 0.049805
1 0.664551 0.295898 0.040039 0.050781
1 0.515625 0.312012 0.046875 0.040039
1 0.494141 0.340332 0.050781 0.041992
1 0.864746 0.362305 0.047852 0.042969
1 0.638672 0.411133 0.039062 0.068359
1 0.571777 0.402832 0.051758 0.045898
1 0.543945 0.433594 0.044922 0.050781
1 0.678711 0.428223 0.039062 0.034180
1 0.838379 0.457031 0.040039 0.048828
1 0.594727 0.466797 0.046875 0.041016
1 0.397461 0.468262 0.044922 0.040039
1 0.624512 0.488281 0.047852 0.044922
1 0.855469 0.489258 0.041016 0.041016
1 0.652832 0.515137 0.043945 0.043945
1 0.354492 0.529297 0.042969 0.042969
1 0.684082 0.541016 0.047852 0.048828
1 0.926270 0.573242 0.041992 0.041016
1 0.301270 0.594238 0.040039 0.049805
1 0.979980 0.631348 0.040039 0.051758
1 0.777344 0.660645 0.048828 0.038086
1 0.664062 0.692383 0.037109 0.048828
1 0.248047 0.692383 0.039062 0.042969
1 0.800781 0.693359 0.044922 0.042969
1 0.705566 0.735840 0.065430 0.079102
1 0.225586 0.725586 0.042969 0.037109
1 0.855957 0.743652 0.047852 0.040039
1 0.200684 0.755859 0.051758 0.041016
1 0.521484 0.770508 0.058594 0.042969
1 0.883301 0.778809 0.041992 0.043945
1 0.166504 0.803223 0.071289 0.075195
1 0.392090 0.791504 0.040039 0.051758
1 0.960449 0.815918 0.065430 0.073242
1 0.549316 0.807617 0.049805 0.050781
1 0.784180 0.812988 0.046875 0.053711
1 0.812988 0.844238 0.057617 0.057617
1 0.342773 0.843262 0.056641 0.045898
1 0.229980 0.866211 0.045898 0.046875
1 0.372070 0.875488 0.046875 0.040039
1 0.894531 0.884766 0.041016 0.044922
1 0.638672 0.892578 0.052734 0.039062
1 0.433594 0.935547 0.046875 0.052734
1 0.825684 0.952637 0.069336 0.071289
1 0.460938 0.962891 0.048828 0.046875
1 0.229980 0.973145 0.055664 0.043945
1 0.367676 0.989746 0.038086 0.020508
2 0.796387 0.083496 0.038086 0.043945
2 0.991211 0.128906 0.017578 0.037109
2 0.919922 0.182129 0.042969 0.041992
2 0.545410 0.277832 0.041992 0.053711
2 0.781250 0.392090 0.042969 0.040039
2 0.446289 0.409668 0.039062 0.043945
2 0.811035 0.420410 0.038086 0.047852
2 0.705566 0.450684 0.043945 0.041992
2 0.426270 0.586914 0.038086 0.044922
2 0.952637 0.597168 0.043945 0.040039
2 0.937012 0.719727 0.049805 0.041016
2 0.333008 0.729004 0.052734 0.047852
2 0.428711 0.818359 0.046875 0.046875
2 0.579590 0.839355 0.047852 0.041992
2 0.469727 0.866211 0.080078 0.078125
2 0.611328 0.863281 0.052734 0.041016
2 0.512207 0.908691 0.041992 0.041992
2 0.671387 0.922363 0.051758 0.040039
2 0.699707 0.958496 0.041992 0.045898
2 0.573730 0.968262 0.041992 0.043945
2 0.601562 0.985840 0.052734 0.028320
