0 0.288574 0.055664 0.065430 0.093750
0 0.203125 0.050293 0.082031 0.061523
0 0.146973 0.223145 0.030273 0.030273
0 0.142578 0.486816 0.074219 0.061523
0 0.437988 0.493652 0.053711 0.067383
0 0.329102 0.590820 0.048828 0.066406
0 0.382324 0.602539 0.028320 0.029297
0 0.286621 0.712891 0.059570 0.066406
0 0.437500 0.729980 0.058594 0.045898
0 0.445312 0.784180 0.037109 0.052734
0 0.156250 0.814453 0.064453 0.078125
0 0.032715 0.882812 0.065430 0.056641
0 0.057129 0.931152 0.049805 0.057617
0 0.368164 0.970703 0.056641 0.058594
1 0.264648 0.007812 0.013672 0.015625
1 0.595703 0.042480 0.023438 0.024414
1 0.181641 0.075684 0.039062 0.036133
1 0.204590 0.203125 0.071289 0.054688
1 0.474121 0.343750 0.051758 0.082031
1 0.345703 0.352051 0.058594 0.043945
1 0.323242 0.417480 0.060547 0.083008
1 0.460938 0.429688 0.060547 0.074219
1 0.229004 0.467773 0.069336 0.044922
1 0.383789 0.540527 0.042969 0.047852
1 0.125488 0.558594 0.061523 0.070312
1 0.250977 0.676270 0.066406 0.059570
1 0.062012 0.695801 0.063477 0.071289
1 0.346191 0.828125 0.045898 0.050781
1 0.457520 0.837402 0.051758 0.055664
1 0.154785 0.883301 0.047852 0.049805
1 0.466309 0.894531 0.055664 0.048828
1 0.196777 0.908203 0.034180 0.027344
1 0.167969 0.937500 0.046875 0.044922
1 0.196777 0.975098 0.057617 0.041992
1 0.070801 0.978027 0.057617 0.043945
1 0.499023 0.987793 0.048828 0.024414
2 0.375488 0.085449 0.094727 0.108398
2 0.465332 0.154297 0.073242 0.099609
2 0.526367 0.166016 0.013672 0.023438
2 0.284668 0.447754 0.026367 0.034180
2 0.177246 0.608398 0.053711 0.048828
2 0.368652 0.640137 0.051758 0.055664
2 0.410645 0.675293 0.073242 0.059570
2 0.027344 0.752441 0.054688 0.051758
2 0.322754 0.774414 0.067383 0.052734
2 0.182129 0.856445 0.028320 0.025391
