0 0.334473 0.022949 0.041992 0.045898
0 0.453613 0.064941 0.041992 0.049805
0 0.357910 0.070312 0.049805 0.048828
0 0.465820 0.104004 0.037109 0.041992
0 0.553711 0.109863 0.031250 0.040039
0 0.352539 0.118652 0.019531 0.018555
0 0.575684 0.154785 0.043945 0.043945
0 0.490234 0.169434 0.033203 0.045898
0 0.165527 0.193359 0.081055 0.080078
0 0.307129 0.212891 0.065430 0.070312
0 0.419922 0.216797 0.058594 0.076172
0 0.209961 0.252930 0.046875 0.042969
0 0.632812 0.310547 0.052734 0.037109
0 0.569336 0.356934 0.058594 0.043945
0 0.486816 0.377441 0.036133 0.045898
0 0.048828 0.415527 0.021484 0.020508
0 0.244629 0.485840 0.127930 0.147461
0 0.087402 0.445801 0.047852 0.055664
0 0.683105 0.445801 0.034180 0.038086
0 0.766113 0.460938 0.028320 0.041016
0 0.525879 0.484375 0.030273 0.035156
0 0.637695 0.474609 0.017578 0.013672
0 0.009277 0.479004 0.010742 0.012695
0 0.646484 0.499023 0.031250 0.041016
0 0.634766 0.577148 0.074219 0.064453
0 0.332520 0.581055 0.049805 0.054688
0 0.017090 0.569824 0.024414 0.022461
0 0.275879 0.604004 0.043945 0.043945
0 0.007812 0.614746 0.015625 0.041992
0 0.681152 0.682129 0.124023 0.174805
0 0.171387 0.611816 0.022461 0.026367
0 0.236816 0.614258 0.018555 0.019531
0 0.908203 0.814941 0.044922 0.045898
0 0.039551 0.900879 0.079102 0.149414
0 0.300293 0.917969 0.041992 0.050781
1 0.205078 0.015137 0.042969 0.030273
1 0.425781 0.009766 0.031250 0.019531
1 0.497559 0.020020 0.047852 0.040039
1 0.602539 0.013672 0.035156 0.027344
1 0.522949 0.046387 0.049805 0.043945
1 0.631348 0.064941 0.065430 0.073242
1 0.255371 0.106445 0.106445 0.150391
1 0.540039 0.075195 0.044922 0.035156
1 0.371094 0.101074 0.037109 0.045898
1 0.388672 0.170410 0.066406 0.047852
1 0.510254 0.220215 0.045898 0.067383
1 0.440430 0.277344 0.023438 0.039062
1 0.609863 0.281250 0.028320 0.029297
1 0.728027 0.349121 0.030273 0.028320
1 0.401367 0.426270 0.078125 0.096680
1 0.660156 0.411621 0.048828 0.041992
1 0.753418 0.416016 0.024414 0.031250
1 0.508301 0.448730 0.041992 0.032227
1 0.612793 0.489746 0.041992 0.041992
1 0.706543 0.489746 0.038086 0.036133
1 0.015137 0.517578 0.030273 0.056641
1 0.847168 0.634277 0.057617 0.071289
1 0.891113 0.769531 0.041992 0.054688
1 0.068359 0.887695 0.103516 0.175781
1 0.161133 0.822754 0.048828 0.034180
1 0.791992 0.966797 0.046875 0.037109
2 0.641113 0.344727 0.041992 0.037109
2 0.737305 0.378418 0.027344 0.032227
2 0.046875 0.590820 0.048828 0.044922
2 0.004395 0.787109 0.008789 0.027344
2 0.206543 0.920410 0.043945 0.030273
2 0.859863 0.970703 0.063477 0.037109
