0 0.321289 0.012695 0.027344 0.025391
0 0.235840 0.032715 0.041992 0.049805
0 0.344238 0.056641 0.057617 0.064453
0 0.030273 0.047363 0.048828 0.038086
0 0.095215 0.080078 0.030273 0.039062
0 0.010254 0.098145 0.020508 0.038086
0 0.109863 0.117188 0.040039 0.042969
0 0.405273 0.130859 0.046875 0.068359
0 0.297852 0.182617 0.042969 0.054688
0 0.060059 0.179199 0.034180 0.041992
0 0.010742 0.199707 0.021484 0.043945
0 0.078613 0.213379 0.036133 0.040039
0 0.412109 0.223145 0.048828 0.059570
0 0.309082 0.285645 0.038086 0.057617
0 0.191895 0.275391 0.016602 0.019531
0 0.085449 0.296875 0.028320 0.035156
0 0.270508 0.292969 0.027344 0.025391
0 0.012695 0.321289 0.025391 0.037109
0 0.298828 0.339355 0.039062 0.049805
0 0.160645 0.350098 0.034180 0.032227
0 0.072266 0.373047 0.033203 0.033203
0 0.382324 0.391113 0.051758 0.043945
0 0.061035 0.404297 0.038086 0.035156
0 0.010742 0.399414 0.019531 0.021484
0 0.142578 0.417480 0.033203 0.034180
0 0.278320 0.445801 0.037109 0.051758
0 0.062988 0.442383 0.030273 0.039062
0 0.131836 0.452637 0.033203 0.038086
0 0.125000 0.487305 0.025391 0.037109
0 0.361816 0.496094 0.049805 0.048828
0 0.116211 0.526367 0.027344 0.037109
0 0.354004 0.548828 0.045898 0.052734
0 0.257812 0.550293 0.033203 0.045898
0 0.036133 0.549805 0.039062 0.037109
0 0.112305 0.564453 0.023438 0.037109
0 0.041504 0.585449 0.022461 0.030273
0 0.898438 0.598145 0.013672 0.045898
0 0.241699 0.598145 0.051758 0.038086
0 0.112793 0.600098 0.028320 0.030273
0 0.106934 0.638184 0.024414 0.038086
0 0.234375 0.652832 0.058594 0.059570
0 0.328125 0.710938 0.056641 0.054688
0 0.449707 0.713379 0.174805 0.053711
0 0.595703 0.717773 0.060547 0.058594
0 0.009277 0.719238 0.018555 0.057617
0 0.233887 0.713379 0.045898 0.045898
0 0.811035 0.791504 0.032227 0.034180
0 0.213379 0.798340 0.053711 0.045898
0 0.937012 0.803711 0.041992 0.050781
0 0.012695 0.805176 0.025391 0.043945
0 0.987793 0.812012 0.024414 0.040039
0 0.405273 0.818359 0.035156 0.046875
0 0.553223 0.809570 0.030273 0.021484
0 0.631836 0.820312 0.029297 0.031250
0 0.713867 0.824707 0.046875 0.038086
0 0.068848 0.844727 0.032227 0.037109
0 0.299316 0.849609 0.040039 0.039062
0 0.709961 0.867188 0.041016 0.041016
0 0.281250 0.879883 0.029297 0.039062
0 0.059570 0.879883 0.029297 0.037109
0 0.798340 0.878418 0.051758 0.034180
0 0.209961 0.881836 0.033203 0.037109
0 0.395020 0.884766 0.036133 0.029297
0 0.533203 0.898926 0.042969 0.047852
0 0.628906 0.909180 0.054688 0.046875
0 0.989258 0.904785 0.021484 0.032227
0 0.489746 0.907227 0.032227 0.031250
0 0.783691 0.915039 0.040039 0.044922
0 0.198730 0.922852 0.040039 0.042969
0 0.275391 0.928223 0.023438 0.036133
0 0.947754 0.940430 0.045898 0.039062
0 0.606445 0.942383 0.046875 0.035156
0 0.695312 0.948730 0.027344 0.038086
0 0.044922 0.948730 0.037109 0.034180
0 0.770020 0.954590 0.034180 0.041992
0 0.189453 0.960449 0.037109 0.036133
0 0.268555 0.966797 0.035156 0.035156
0 0.838379 0.975098 0.057617 0.049805
0 0.346680 0.978516 0.039062 0.042969
0 0.937500 0.979492 0.042969 0.041016
0 0.433105 0.980469 0.041992 0.039062
0 0.601074 0.980957 0.034180 0.038086
0 0.033691 0.982422 0.032227 0.035156
0 0.679199 0.984375 0.040039 0.031250
0 0.768555 0.991211 0.041016 0.017578
1 0.971191 0.036133 0.057617 0.072266
1 0.124023 0.149902 0.033203 0.041992
1 0.140625 0.187500 0.035156 0.042969
1 0.317871 0.224121 0.045898 0.043945
1 0.018555 0.287598 0.033203 0.034180
1 0.161621 0.305664 0.028320 0.029297
1 0.083984 0.337402 0.029297 0.040039
1 0.397461 0.341797 0.058594 0.048828
1 0.147949 0.384277 0.032227 0.038086
1 0.286621 0.386719 0.047852 0.037109
1 0.371582 0.443848 0.047852 0.053711
1 0.049805 0.478027 0.031250 0.032227
1 0.270020 0.497559 0.040039 0.043945
1 0.043457 0.513184 0.028320 0.034180
1 0.335938 0.601562 0.041016 0.054688
1 0.029785 0.631836 0.038086 0.037109
1 0.106445 0.675781 0.037109 0.033203
1 0.027832 0.733887 0.036133 0.040039
1 0.102051 0.776367 0.040039 0.046875
1 0.072754 0.809570 0.028320 0.039062
1 0.831055 0.802246 0.029297 0.026367
1 0.873535 0.809570 0.045898 0.035156
1 0.369141 0.806641 0.033203 0.027344
1 0.483398 0.808105 0.031250 0.022461
1 0.216797 0.844238 0.027344 0.036133
1 0.625977 0.861328 0.025391 0.042969
1 0.869629 0.893555 0.032227 0.039062
1 0.443359 0.894531 0.031250 0.033203
1 0.695801 0.909668 0.041992 0.040039
1 0.048340 0.915039 0.030273 0.039062
1 0.854004 0.929199 0.041992 0.043945
1 0.349121 0.934082 0.043945 0.043945
1 0.520508 0.983398 0.029297 0.033203
2 0.250977 0.075195 0.046875 0.044922
2 0.277344 0.129395 0.046875 0.053711
2 0.403809 0.284668 0.036133 0.049805
2 0.865234 0.582031 0.046875 0.054688
2 0.332031 0.654785 0.044922 0.053711
2 0.552246 0.715332 0.030273 0.055664
2 0.315918 0.806641 0.057617 0.044922
2 0.518066 0.821777 0.034180 0.043945
