0 0.051758 0.062500 0.103516 0.125000
0 0.463379 0.014648 0.045898 0.029297
0 0.645996 0.006348 0.016602 0.012695
0 0.421387 0.033691 0.038086 0.057617
0 0.499023 0.026367 0.037109 0.042969
0 0.898438 0.046387 0.070312 0.051758
0 0.538574 0.087891 0.077148 0.076172
0 0.348145 0.089844 0.055664 0.058594
0 0.271484 0.088379 0.037109 0.036133
0 0.407715 0.100586 0.028320 0.039062
0 0.941895 0.107910 0.045898 0.038086
0 0.811035 0.132812 0.028320 0.042969
0 0.432617 0.157227 0.046875 0.052734
0 0.968262 0.196777 0.063477 0.075195
0 0.316895 0.206543 0.063477 0.088867
0 0.678711 0.183594 0.025391 0.029297
0 0.227539 0.221191 0.044922 0.047852
0 0.668457 0.250977 0.057617 0.064453
0 0.624512 0.255859 0.041992 0.048828
0 0.249512 0.258301 0.032227 0.034180
0 0.583984 0.275879 0.046875 0.040039
0 0.712402 0.270996 0.022461 0.022461
0 0.540039 0.298340 0.029297 0.036133
0 0.770508 0.308594 0.041016 0.058594
0 0.358398 0.312988 0.025391 0.034180
0 0.513672 0.335938 0.060547 0.056641
0 0.184570 0.348145 0.060547 0.053711
0 0.310547 0.354004 0.025391 0.030273
0 0.534180 0.362305 0.025391 0.031250
0 0.249023 0.380371 0.042969 0.059570
0 0.229980 0.394043 0.063477 0.077148
0 0.902832 0.396973 0.038086 0.034180
0 0.108398 0.395996 0.035156 0.024414
0 0.208008 0.420410 0.048828 0.051758
0 0.850586 0.419922 0.046875 0.039062
0 0.577637 0.437500 0.051758 0.039062
0 0.482422 0.456055 0.062500 0.058594
0 0.802246 0.455078 0.045898 0.048828
0 0.597656 0.470703 0.027344 0.029297
0 0.612305 0.498047 0.031250 0.033203
0 0.699219 0.503906 0.029297 0.037109
0 0.644043 0.548828 0.026367 0.025391
0 0.697266 0.558105 0.017578 0.024414
0 0.595703 0.592285 0.076172 0.090820
0 0.468262 0.566895 0.036133 0.036133
0 0.551758 0.559570 0.021484 0.021484
0 0.669922 0.577637 0.031250 0.028320
0 0.407715 0.612305 0.077148 0.070312
0 0.450684 0.708496 0.049805 0.045898
0 0.209473 0.771973 0.065430 0.069336
0 0.248047 0.815918 0.125000 0.098633
0 0.107422 0.808594 0.019531 0.023438
0 0.072754 0.823730 0.034180 0.040039
0 0.056152 0.835449 0.034180 0.040039
0 0.166016 0.841797 0.035156 0.039062
0 0.020020 0.850098 0.036133 0.038086
0 0.270020 0.865234 0.036133 0.037109
0 0.082031 0.871582 0.046875 0.045898
0 0.155762 0.884766 0.041992 0.054688
0 0.214355 0.901855 0.040039 0.051758
0 0.373535 0.916504 0.075195 0.075195
0 0.116211 0.895020 0.023438 0.026367
0 0.441406 0.941406 0.050781 0.046875
0 0.921387 0.971191 0.065430 0.057617
0 0.381836 0.962891 0.033203 0.031250
0 0.962891 0.985840 0.060547 0.028320
0 0.397461 0.989258 0.029297 0.021484
1 0.484863 0.226562 0.024414 0.021484
1 0.273438 0.275391 0.062500 0.044922
1 0.032715 0.334961 0.065430 0.091797
1 0.639160 0.330078 0.018555 0.027344
1 0.838867 0.337891 0.013672 0.015625
1 0.761719 0.380859 0.037109 0.035156
1 0.551270 0.661133 0.071289 0.070312
1 0.062500 0.692871 0.056641 0.063477
1 0.728516 0.727051 0.023438 0.024414
1 0.653809 0.866699 0.079102 0.079102
1 0.137695 0.853027 0.027344 0.028320
1 0.825195 0.879395 0.101562 0.075195
1 0.731934 0.899902 0.047852 0.043945
1 0.778320 0.972656 0.041016 0.042969
2 0.144043 0.303711 0.067383 0.066406
2 0.326172 0.823242 0.052734 0.062500
