0 0.128906 0.020996 0.056641 0.041992
0 0.356445 0.010254 0.054688 0.020508
0 0.201172 0.023926 0.037109 0.038086
0 0.294922 0.028320 0.039062 0.042969
0 0.374023 0.033691 0.039062 0.036133
0 0.132324 0.051270 0.041992 0.034180
0 0.305664 0.059570 0.039062 0.039062
0 0.209473 0.059082 0.043945 0.034180
0 0.048828 0.076660 0.031250 0.047852
0 0.150391 0.082520 0.052734 0.036133
0 0.397949 0.098633 0.040039 0.037109
0 0.156738 0.118164 0.036133 0.037109
0 0.406250 0.142090 0.054688 0.043945
0 0.175293 0.148926 0.051758 0.038086
0 0.343262 0.161621 0.040039 0.036133
0 0.080566 0.169922 0.038086 0.039062
0 0.181152 0.181152 0.040039 0.032227
0 0.026367 0.192383 0.035156 0.037109
0 0.264160 0.191895 0.038086 0.036133
0 0.359375 0.197754 0.041016 0.038086
0 0.445312 0.201660 0.050781 0.032227
0 0.196777 0.215332 0.040039 0.041992
0 0.268555 0.223145 0.050781 0.036133
0 0.376953 0.230957 0.052734 0.040039
0 0.207031 0.251465 0.039062 0.036133
0 0.113770 0.254883 0.041992 0.039062
0 0.283203 0.257812 0.050781 0.037109
0 0.050293 0.274414 0.053711 0.046875
0 0.464355 0.271973 0.038086 0.036133
0 0.222656 0.285156 0.039062 0.039062
0 0.302246 0.293945 0.038086 0.037109
0 0.488281 0.333984 0.037109 0.037109
0 0.148926 0.354980 0.049805 0.061523
0 0.250488 0.351562 0.049805 0.039062
0 0.092285 0.361816 0.040039 0.045898
0 0.331543 0.391602 0.047852 0.039062
0 0.514160 0.397461 0.038086 0.037109
0 0.467285 0.414062 0.028320 0.031250
0 0.147949 0.439941 0.071289 0.063477
0 0.368164 0.454102 0.031250 0.031250
0 0.456543 0.457520 0.032227 0.038086
0 0.374512 0.487793 0.036133 0.036133
0 0.472656 0.489746 0.035156 0.038086
0 0.301758 0.511719 0.025391 0.027344
0 0.223145 0.532227 0.047852 0.054688
0 0.386719 0.522949 0.037109 0.036133
0 0.483398 0.523438 0.037109 0.035156
0 0.661133 0.528320 0.037109 0.037109
0 0.179199 0.548828 0.032227 0.058594
0 0.671875 0.560547 0.037109 0.035156
0 0.692871 0.616699 0.051758 0.073242
0 0.263672 0.613770 0.035156 0.049805
0 0.520996 0.623535 0.032227 0.038086
0 0.365723 0.643555 0.053711 0.048828
0 0.534180 0.656738 0.039062 0.036133
0 0.614746 0.665527 0.038086 0.034180
0 0.549316 0.690918 0.038086 0.038086
0 0.628906 0.694824 0.037109 0.043945
0 0.289551 0.723145 0.040039 0.059570
0 0.462891 0.716309 0.037109 0.034180
0 0.247070 0.722656 0.033203 0.042969
0 0.559082 0.721191 0.034180 0.036133
0 0.221680 0.732910 0.027344 0.047852
0 0.640137 0.732422 0.040039 0.033203
0 0.735840 0.735840 0.032227 0.040039
0 0.401367 0.765625 0.052734 0.074219
0 0.478516 0.750977 0.041016 0.035156
0 0.649902 0.766602 0.047852 0.039062
0 0.489258 0.789551 0.037109 0.036133
0 0.333496 0.804688 0.040039 0.056641
0 0.595215 0.800293 0.049805 0.047852
0 0.752441 0.798828 0.043945 0.039062
0 0.503906 0.822754 0.042969 0.038086
0 0.600586 0.840332 0.035156 0.045898
0 0.780273 0.849121 0.041016 0.043945
0 0.521484 0.873047 0.048828 0.068359
0 0.690918 0.862305 0.036133 0.039062
0 0.624512 0.909668 0.043945 0.081055
0 0.797363 0.894531 0.043945 0.035156
0 0.711426 0.909668 0.041992 0.049805
0 0.814453 0.931641 0.044922 0.039062
0 0.470703 0.943359 0.048828 0.050781
0 0.555176 0.956055 0.034180 0.037109
0 0.720703 0.968750 0.048828 0.048828
0 0.832031 0.981445 0.046875 0.037109
0 0.567871 0.983398 0.036133 0.033203
0 0.478027 0.984375 0.032227 0.031250
1 0.384766 0.063965 0.044922 0.038086
1 0.330078 0.111816 0.050781 0.069336
1 0.225098 0.096191 0.032227 0.030273
1 0.235352 0.121582 0.039062 0.036133
1 0.248535 0.153809 0.036133 0.034180
1 0.427246 0.172852 0.038086 0.033203
1 0.453613 0.232910 0.040039 0.040039
1 0.236328 0.315918 0.041016 0.041992
1 0.321289 0.360840 0.046875 0.040039
1 0.257812 0.381836 0.037109 0.035156
1 0.276855 0.412598 0.051758 0.038086
1 0.300293 0.476562 0.049805 0.048828
1 0.320312 0.550293 0.029297 0.030273
1 0.508301 0.590820 0.032227 0.039062
1 0.571777 0.752930 0.038086 0.035156
1 0.665527 0.796387 0.036133 0.038086
1 0.678223 0.827148 0.038086 0.037109
1 0.441895 0.849121 0.049805 0.034180
1 0.450195 0.875488 0.035156 0.038086
1 0.541504 0.922852 0.040039 0.037109
2 0.315430 0.329102 0.039062 0.035156
