0 0.183594 0.011719 0.037109 0.023438
0 0.433105 0.032715 0.077148 0.065430
0 0.432617 0.065430 0.023438 0.019531
0 0.150391 0.075684 0.031250 0.022461
0 0.470703 0.083984 0.033203 0.029297
0 0.068359 0.137695 0.033203 0.025391
0 0.102051 0.145020 0.036133 0.030273
0 0.137695 0.156738 0.035156 0.028320
0 0.171875 0.165039 0.035156 0.031250
0 0.235352 0.179199 0.039062 0.047852
0 0.518066 0.193359 0.049805 0.058594
0 0.326660 0.207031 0.040039 0.042969
0 0.393555 0.212891 0.056641 0.052734
0 0.062500 0.210938 0.037109 0.031250
0 0.986328 0.222656 0.027344 0.031250
0 0.889648 0.231445 0.058594 0.042969
0 0.299805 0.254883 0.058594 0.078125
0 0.133301 0.237305 0.038086 0.041016
0 0.344238 0.226074 0.016602 0.016602
0 0.375000 0.244141 0.058594 0.050781
0 0.054199 0.285156 0.034180 0.027344
0 0.268066 0.295410 0.036133 0.038086
0 0.335449 0.304199 0.053711 0.047852
0 0.085938 0.302246 0.033203 0.036133
0 0.616699 0.368164 0.051758 0.064453
0 0.214355 0.382812 0.036133 0.035156
0 0.062012 0.452148 0.038086 0.046875
0 0.459473 0.465332 0.049805 0.049805
0 0.849609 0.472656 0.041016 0.046875
0 0.198242 0.520508 0.052734 0.046875
0 0.127441 0.547363 0.028320 0.030273
0 0.121582 0.583496 0.024414 0.032227
0 0.025391 0.621094 0.029297 0.035156
0 0.120605 0.618164 0.022461 0.029297
0 0.178223 0.632812 0.041992 0.031250
0 0.110352 0.669922 0.041016 0.062500
0 0.177246 0.667480 0.041992 0.028320
0 0.752930 0.811035 0.037109 0.026367
0 0.205566 0.852539 0.075195 0.085938
0 0.493164 0.890137 0.039062 0.034180
0 0.569336 0.902832 0.042969 0.038086
0 0.486328 0.923340 0.041016 0.038086
0 0.275879 0.955566 0.387695 0.088867
0 0.542969 0.935547 0.027344 0.033203
0 0.569336 0.941895 0.025391 0.032227
1 0.151367 0.018066 0.031250 0.036133
1 0.655273 0.066406 0.152344 0.132812
1 0.218262 0.018555 0.038086 0.029297
1 0.961914 0.024414 0.021484 0.029297
1 0.250000 0.029297 0.031250 0.033203
1 0.016602 0.038574 0.033203 0.040039
1 0.129883 0.027832 0.015625 0.018555
1 0.173828 0.037598 0.021484 0.022461
1 0.319336 0.034180 0.025391 0.015625
1 0.049316 0.045898 0.036133 0.033203
1 0.079590 0.057617 0.028320 0.029297
1 0.943359 0.070801 0.031250 0.041992
1 0.232910 0.055664 0.010742 0.009766
1 0.207031 0.067383 0.013672 0.015625
1 0.390625 0.100098 0.048828 0.075195
1 0.186523 0.089844 0.033203 0.042969
1 0.294434 0.091797 0.028320 0.039062
1 0.447266 0.117188 0.056641 0.050781
1 0.934570 0.109375 0.035156 0.033203
1 0.267090 0.113281 0.030273 0.025391
1 0.037598 0.127441 0.028320 0.026367
1 0.916992 0.145020 0.052734 0.045898
1 0.430176 0.150879 0.053711 0.047852
1 0.005371 0.148926 0.010742 0.016602
1 0.412109 0.183594 0.054688 0.054688
1 0.637695 0.176270 0.009766 0.010742
1 0.131348 0.182617 0.018555 0.013672
1 0.905762 0.193848 0.040039 0.034180
1 0.020996 0.198730 0.041992 0.036133
1 0.184570 0.244141 0.044922 0.039062
1 0.474609 0.275879 0.076172 0.096680
1 0.895996 0.269531 0.043945 0.042969
1 0.019531 0.275391 0.039062 0.044922
1 0.138184 0.291992 0.026367 0.019531
1 0.247559 0.324219 0.034180 0.037109
1 0.429688 0.323730 0.029297 0.032227
1 0.401855 0.367676 0.061523 0.075195
1 0.228027 0.354492 0.036133 0.039062
1 0.875977 0.352539 0.039062 0.037109
1 0.018555 0.353027 0.037109 0.028320
1 0.099609 0.377441 0.042969 0.055664
1 0.958008 0.381348 0.037109 0.055664
1 0.987793 0.386719 0.024414 0.041016
1 0.274414 0.384766 0.033203 0.031250
1 0.875977 0.395020 0.033203 0.043945
1 0.192383 0.413574 0.027344 0.032227
1 0.237793 0.451172 0.051758 0.046875
1 0.566406 0.456543 0.031250 0.040039
1 0.979492 0.461914 0.037109 0.029297
1 0.948242 0.459961 0.017578 0.019531
1 0.150391 0.478027 0.037109 0.040039
1 0.213867 0.484863 0.058594 0.053711
1 0.541016 0.501465 0.023438 0.032227
1 0.489258 0.568848 0.039062 0.055664
1 0.916992 0.566895 0.035156 0.038086
1 0.449219 0.634277 0.308594 0.166992
1 0.806152 0.634277 0.028320 0.040039
1 0.023926 0.659180 0.047852 0.031250
1 0.790527 0.677246 0.041992 0.045898
1 0.826172 0.718750 0.048828 0.037109
1 0.894043 0.718750 0.010742 0.015625
1 0.985840 0.734375 0.028320 0.027344
1 0.020996 0.763672 0.038086 0.044922
1 0.889160 0.791992 0.010742 0.013672
1 0.911133 0.814941 0.031250 0.040039
1 0.988281 0.816406 0.023438 0.039062
1 0.873535 0.816406 0.036133 0.029297
1 0.952637 0.821289 0.040039 0.035156
1 0.341309 0.822754 0.041992 0.036133
1 0.458984 0.847168 0.041016 0.036133
1 0.260742 0.844727 0.039062 0.029297
1 0.334473 0.855957 0.041992 0.034180
1 0.575195 0.865723 0.041016 0.038086
1 0.251953 0.876953 0.037109 0.033203
1 0.638672 0.877441 0.044922 0.036133
1 0.326172 0.893066 0.041016 0.034180
1 0.622559 0.943359 0.036133 0.035156
2 0.108398 0.011230 0.033203 0.022461
2 0.313965 0.057617 0.026367 0.031250
2 0.223145 0.095215 0.038086 0.032227
2 0.900391 0.092773 0.017578 0.023438
2 0.008789 0.125977 0.017578 0.031250
2 0.370117 0.146973 0.046875 0.045898
2 0.351562 0.176270 0.054688 0.047852
2 0.209473 0.215332 0.041992 0.041992
2 0.098633 0.217285 0.037109 0.028320
2 0.712891 0.234863 0.029297 0.022461
2 0.354980 0.272949 0.053711 0.049805
2 0.977539 0.290527 0.039062 0.045898
2 0.886230 0.312012 0.038086 0.047852
2 0.146484 0.318359 0.042969 0.041016
2 0.749023 0.336426 0.083984 0.065430
2 0.314941 0.333984 0.053711 0.046875
2 0.125977 0.339844 0.037109 0.042969
2 0.056641 0.358887 0.042969 0.040039
2 0.296387 0.365234 0.055664 0.050781
2 0.021484 0.429688 0.042969 0.048828
2 0.169922 0.446777 0.035156 0.038086
2 0.040039 0.496582 0.039062 0.047852
2 0.132812 0.511230 0.031250 0.032227
2 0.847168 0.514648 0.028320 0.037109
2 0.924805 0.524414 0.039062 0.041016
2 0.827637 0.548340 0.041992 0.036133
2 0.982422 0.547852 0.035156 0.019531
2 0.823730 0.597168 0.028320 0.040039
2 0.909668 0.604492 0.038086 0.037109
2 0.994141 0.634766 0.011719 0.064453
2 0.513184 0.619629 0.006836 0.018555
2 0.915039 0.640137 0.054688 0.038086
2 0.962891 0.650879 0.035156 0.026367
2 0.864258 0.731934 0.031250 0.030273
2 0.006348 0.746094 0.012695 0.023438
2 0.792969 0.803223 0.044922 0.049805
2 0.269531 0.808594 0.041016 0.033203
2 0.832520 0.811523 0.034180 0.033203
2 0.014160 0.826660 0.028320 0.047852
2 0.384277 0.831543 0.040039 0.040039
2 0.375977 0.865723 0.042969 0.034180
2 0.868652 0.939941 0.184570 0.120117
2 0.368652 0.902344 0.041992 0.037109
2 0.633301 0.908691 0.043945 0.036133
2 0.444824 0.918457 0.041992 0.034180
3 0.050781 0.014648 0.060547 0.029297
3 0.126465 0.041992 0.014648 0.011719
3 0.113770 0.070312 0.043945 0.031250
3 0.023438 0.159180 0.023438 0.033203
3 0.095215 0.178223 0.026367 0.026367
3 0.147949 0.201660 0.016602 0.014648
3 0.678711 0.223145 0.023438 0.018555
3 0.646973 0.327148 0.018555 0.023438
3 0.855469 0.429199 0.033203 0.034180
3 0.150879 0.560547 0.014648 0.015625
3 0.142090 0.813965 0.069336 0.118164
