0 0.199219 0.012207 0.042969 0.024414
0 0.373047 0.022461 0.041016 0.044922
0 0.723145 0.009766 0.036133 0.019531
0 0.619629 0.035156 0.057617 0.048828
0 0.020996 0.037598 0.041992 0.045898
0 0.086426 0.044434 0.061523 0.047852
0 0.717285 0.054199 0.034180 0.036133
0 0.355469 0.060547 0.031250 0.041016
0 0.261719 0.071289 0.035156 0.042969
0 0.015625 0.080078 0.031250 0.042969
0 0.616699 0.081055 0.036133 0.037109
0 0.835938 0.086426 0.041016 0.041992
0 0.927734 0.083496 0.041016 0.036133
0 0.178711 0.092773 0.050781 0.044922
0 0.706055 0.094238 0.039062 0.045898
0 0.076660 0.093750 0.045898 0.039062
0 0.340820 0.105957 0.033203 0.038086
0 0.603027 0.120605 0.045898 0.040039
0 0.239258 0.120117 0.056641 0.033203
0 0.009277 0.128418 0.018555 0.043945
0 0.160156 0.134766 0.041016 0.046875
0 0.823242 0.134277 0.042969 0.041992
0 0.064453 0.136719 0.041016 0.042969
0 0.699219 0.134766 0.044922 0.039062
0 0.334473 0.141113 0.040039 0.034180
0 0.916016 0.148438 0.041016 0.044922
0 0.229980 0.159668 0.045898 0.047852
0 0.813965 0.170898 0.038086 0.035156
0 0.688477 0.174805 0.041016 0.033203
0 0.049316 0.181152 0.040039 0.041992
0 0.312500 0.194824 0.027344 0.036133
0 0.588379 0.208984 0.040039 0.037109
0 0.804199 0.212891 0.041992 0.033203
0 0.134766 0.230957 0.033203 0.051758
0 0.674316 0.228516 0.032227 0.039062
0 0.795410 0.251953 0.043945 0.041016
0 0.579590 0.253906 0.040039 0.041016
0 0.206055 0.256348 0.037109 0.038086
0 0.033691 0.267090 0.041992 0.043945
0 0.888672 0.268066 0.044922 0.032227
0 0.127441 0.278809 0.047852 0.049805
0 0.305176 0.276855 0.055664 0.040039
0 0.780762 0.296875 0.053711 0.037109
0 0.567383 0.301270 0.044922 0.038086
0 0.656738 0.308105 0.040039 0.038086
0 0.115234 0.321289 0.041016 0.046875
0 0.288574 0.342285 0.063477 0.084961
0 0.554199 0.336914 0.047852 0.035156
0 0.193848 0.340820 0.036133 0.031250
0 0.770996 0.348145 0.049805 0.036133
0 0.020996 0.354004 0.041992 0.041992
0 0.868652 0.364746 0.047852 0.038086
0 0.106934 0.373047 0.041992 0.046875
0 0.541016 0.380859 0.050781 0.054688
0 0.185059 0.394531 0.036133 0.039062
0 0.638184 0.396484 0.036133 0.037109
0 0.016113 0.409668 0.032227 0.059570
0 0.857422 0.404297 0.042969 0.041016
0 0.101562 0.418457 0.039062 0.036133
0 0.272461 0.418945 0.041016 0.037109
0 0.541016 0.425293 0.033203 0.038086
0 0.755371 0.429688 0.045898 0.037109
0 0.850586 0.445312 0.041016 0.042969
0 0.268555 0.463867 0.042969 0.044922
0 0.971680 0.472656 0.037109 0.048828
0 0.746094 0.468750 0.046875 0.037109
0 0.527832 0.472656 0.036133 0.041016
0 0.923828 0.489746 0.046875 0.049805
0 0.012695 0.499512 0.025391 0.053711
0 0.839844 0.495605 0.044922 0.043945
0 0.089355 0.508301 0.041992 0.045898
0 0.519043 0.511719 0.032227 0.042969
0 0.736328 0.510742 0.042969 0.037109
0 0.896484 0.514648 0.041016 0.042969
0 0.608887 0.531250 0.041992 0.037109
0 0.180664 0.535645 0.035156 0.043945
0 0.726562 0.546875 0.044922 0.039062
0 0.506348 0.558105 0.034180 0.038086
0 0.605469 0.574707 0.041016 0.049805
0 0.009277 0.571289 0.018555 0.035156
0 0.706055 0.586426 0.041016 0.043945
0 0.079102 0.587891 0.035156 0.033203
0 0.487793 0.596191 0.049805 0.045898
0 0.124023 0.597168 0.044922 0.041992
0 0.586426 0.617676 0.032227 0.040039
0 0.173340 0.616211 0.043945 0.031250
0 0.220703 0.618652 0.041016 0.036133
0 0.269531 0.623047 0.044922 0.046875
0 0.474121 0.642090 0.041992 0.045898
0 0.573242 0.662598 0.042969 0.041992
0 0.791016 0.668945 0.039062 0.039062
0 0.737793 0.673340 0.045898 0.040039
0 0.013184 0.697266 0.026367 0.041016
0 0.045898 0.706543 0.050781 0.055664
0 0.094238 0.702637 0.038086 0.043945
0 0.141602 0.707031 0.039062 0.039062
0 0.178711 0.725586 0.044922 0.054688
0 0.229004 0.721680 0.038086 0.037109
0 0.356445 0.738281 0.044922 0.050781
0 0.268066 0.737793 0.041992 0.041992
0 0.314941 0.738770 0.043945 0.043945
0 0.451172 0.748047 0.060547 0.037109
0 0.544434 0.754395 0.034180 0.043945
0 0.916016 0.770508 0.066406 0.054688
0 0.443848 0.787109 0.043945 0.048828
0 0.688965 0.790039 0.065430 0.048828
0 0.531250 0.797852 0.033203 0.041016
0 0.435059 0.836426 0.038086 0.053711
0 0.525391 0.838379 0.042969 0.036133
0 0.517090 0.881348 0.036133 0.047852
0 0.420898 0.880859 0.037109 0.039062
0 0.304688 0.943848 0.041016 0.038086
0 0.349609 0.940918 0.039062 0.022461
0 0.260254 0.951172 0.041992 0.033203
0 0.216797 0.957031 0.035156 0.033203
1 0.853516 0.011719 0.033203 0.023438
1 0.273438 0.030762 0.044922 0.047852
1 0.842285 0.044434 0.043945 0.043945
1 0.187012 0.045898 0.041992 0.039062
1 0.599121 0.167969 0.038086 0.039062
1 0.151855 0.183105 0.040039 0.049805
1 0.904297 0.190918 0.041016 0.040039
1 0.211426 0.205566 0.047852 0.053711
1 0.044434 0.224609 0.038086 0.046875
1 0.307617 0.229980 0.046875 0.043945
1 0.190430 0.297852 0.052734 0.048828
1 0.879883 0.313477 0.044922 0.041016
1 0.766602 0.385742 0.042969 0.044922
1 0.172363 0.439941 0.053711 0.036133
1 0.277344 0.515137 0.044922 0.047852
1 0.134277 0.517578 0.043945 0.050781
1 0.237793 0.549805 0.043945 0.050781
1 0.835449 0.549316 0.065430 0.051758
1 0.981934 0.572266 0.036133 0.048828
1 0.945801 0.594238 0.043945 0.036133
1 0.912598 0.619141 0.045898 0.039062
1 0.871582 0.630859 0.041992 0.041016
1 0.701172 0.633789 0.050781 0.041016
1 0.831543 0.653809 0.041992 0.040039
1 0.948730 0.804688 0.059570 0.058594
1 0.500000 0.922852 0.025391 0.044922
1 0.406250 0.934082 0.042969 0.041992
1 0.170898 0.954102 0.039062 0.058594
1 0.123535 0.955078 0.043945 0.044922
1 0.072266 0.952637 0.054688 0.036133
1 0.497559 0.970215 0.038086 0.038086
1 0.042480 0.980957 0.032227 0.038086
2 0.974609 0.109863 0.046875 0.045898
2 0.895996 0.231934 0.040039 0.040039
2 0.666992 0.265137 0.041016 0.040039
2 0.031738 0.311523 0.040039 0.046875
2 0.645508 0.356445 0.042969 0.033203
2 0.133301 0.413574 0.016602 0.022461
2 0.627930 0.441895 0.039062 0.043945
2 0.617188 0.486816 0.035156 0.040039
