0 0.398926 0.061035 0.043945 0.061523
0 0.169922 0.129883 0.058594 0.054688
0 0.223633 0.155273 0.041016 0.039062
0 0.120605 0.162598 0.065430 0.051758
0 0.259277 0.164062 0.038086 0.039062
0 0.298828 0.174316 0.039062 0.047852
0 0.825684 0.190918 0.034180 0.057617
0 0.107422 0.201660 0.037109 0.041992
0 0.855469 0.203613 0.033203 0.038086
0 0.405273 0.210449 0.037109 0.036133
0 0.440918 0.220215 0.040039 0.040039
0 0.081055 0.228027 0.041016 0.049805
0 0.478516 0.231445 0.037109 0.035156
0 0.181641 0.242676 0.042969 0.049805
0 0.754395 0.247070 0.038086 0.058594
0 0.519043 0.239746 0.041992 0.040039
0 0.556641 0.253418 0.039062 0.040039
0 0.224121 0.252930 0.047852 0.035156
0 0.261719 0.265137 0.042969 0.047852
0 0.059570 0.265625 0.041016 0.041016
0 0.593262 0.265625 0.043945 0.042969
0 0.306152 0.278809 0.049805 0.040039
0 0.338379 0.288574 0.041992 0.045898
0 0.157227 0.292480 0.037109 0.045898
0 0.397461 0.296387 0.042969 0.041992
0 0.857422 0.293457 0.041016 0.034180
0 0.910156 0.310059 0.042969 0.038086
0 0.757324 0.313965 0.047852 0.036133
0 0.375488 0.324707 0.040039 0.041992
0 0.791992 0.332520 0.033203 0.032227
0 0.514648 0.341797 0.037109 0.046875
0 0.828125 0.345215 0.052734 0.051758
0 0.899414 0.345215 0.033203 0.032227
0 0.333984 0.372559 0.064453 0.073242
0 0.104004 0.363281 0.036133 0.042969
0 0.595703 0.363281 0.039062 0.042969
0 0.436035 0.373535 0.041992 0.049805
0 0.074219 0.398438 0.044922 0.050781
0 0.463379 0.399902 0.047852 0.043945
0 0.511230 0.405273 0.049805 0.039062
0 0.696777 0.411133 0.036133 0.050781
0 0.302734 0.414551 0.042969 0.040039
0 0.771973 0.421387 0.038086 0.051758
0 0.282227 0.449219 0.041016 0.042969
0 0.533691 0.446289 0.045898 0.037109
0 0.376953 0.453125 0.039062 0.046875
0 0.659180 0.452637 0.041016 0.045898
0 0.861328 0.453125 0.041016 0.041016
0 0.025391 0.470215 0.050781 0.053711
0 0.802246 0.467285 0.041992 0.038086
0 0.254883 0.478027 0.039062 0.043945
0 0.405762 0.476074 0.045898 0.040039
0 0.853516 0.487305 0.042969 0.039062
0 0.937500 0.486328 0.019531 0.037109
0 0.356934 0.500488 0.043945 0.040039
0 0.230957 0.503906 0.040039 0.041016
0 0.649414 0.502441 0.054688 0.040039
0 0.793945 0.505859 0.037109 0.037109
0 0.839355 0.516602 0.045898 0.035156
0 0.934082 0.520508 0.030273 0.039062
0 0.336426 0.529785 0.045898 0.040039
0 0.684082 0.534180 0.041992 0.044922
0 0.774902 0.535156 0.040039 0.037109
0 0.827148 0.552246 0.046875 0.043945
0 0.312988 0.561035 0.057617 0.049805
0 0.609863 0.561523 0.036133 0.046875
0 0.926758 0.555664 0.044922 0.037109
0 0.766113 0.567383 0.041992 0.039062
0 0.649902 0.572266 0.028320 0.039062
0 0.023926 0.584473 0.038086 0.049805
0 0.379883 0.592285 0.076172 0.063477
0 0.917480 0.587402 0.045898 0.032227
0 0.222168 0.603027 0.065430 0.051758
0 0.759766 0.601562 0.037109 0.033203
0 0.270020 0.628418 0.041992 0.047852
0 0.817383 0.622070 0.042969 0.035156
0 0.924805 0.639648 0.062500 0.070312
0 0.095215 0.639160 0.045898 0.045898
0 0.571777 0.633301 0.038086 0.034180
0 0.765137 0.643066 0.043945 0.038086
0 0.297363 0.650391 0.041992 0.048828
0 0.820801 0.658691 0.049805 0.034180
0 0.328125 0.669434 0.039062 0.043945
0 0.594727 0.671387 0.039062 0.040039
0 0.675293 0.673340 0.045898 0.034180
0 0.501465 0.689453 0.040039 0.042969
0 0.778809 0.689453 0.047852 0.042969
0 0.635254 0.695312 0.038086 0.042969
0 0.833984 0.693848 0.050781 0.040039
0 0.019531 0.700684 0.035156 0.047852
0 0.153809 0.700684 0.045898 0.043945
0 0.526855 0.708496 0.047852 0.038086
0 0.868164 0.712891 0.041016 0.044922
0 0.053223 0.728027 0.040039 0.045898
0 0.179688 0.732910 0.050781 0.045898
0 0.796387 0.733887 0.045898 0.045898
0 0.561035 0.737793 0.047852 0.049805
0 0.701172 0.738770 0.044922 0.038086
0 0.895020 0.742188 0.043945 0.046875
0 0.212891 0.758301 0.058594 0.049805
0 0.818848 0.755371 0.041992 0.045898
0 0.594727 0.758301 0.037109 0.047852
0 0.082031 0.763184 0.037109 0.045898
0 0.915527 0.766602 0.049805 0.048828
0 0.717773 0.769531 0.044922 0.039062
0 0.851074 0.784180 0.040039 0.046875
0 0.465332 0.786621 0.040039 0.047852
0 0.618164 0.785645 0.050781 0.041992
0 0.234863 0.793945 0.043945 0.052734
0 0.102051 0.793457 0.045898 0.047852
0 0.016113 0.796387 0.032227 0.043945
0 0.741699 0.793945 0.041992 0.037109
0 0.431152 0.809082 0.051758 0.041992
0 0.642090 0.811035 0.041992 0.040039
0 0.767090 0.820801 0.038086 0.043945
0 0.124023 0.823242 0.039062 0.044922
0 0.031738 0.830078 0.041992 0.041016
0 0.405273 0.838379 0.039062 0.041992
0 0.527832 0.839355 0.043945 0.040039
0 0.666992 0.841309 0.046875 0.040039
0 0.150879 0.853027 0.038086 0.049805
0 0.058594 0.859863 0.048828 0.040039
0 0.693359 0.868652 0.037109 0.043945
0 0.815918 0.868164 0.040039 0.044922
0 0.341797 0.877930 0.050781 0.041016
0 0.490723 0.880859 0.045898 0.046875
0 0.576172 0.881348 0.050781 0.038086
0 0.718262 0.893555 0.038086 0.048828
0 0.079102 0.890625 0.039062 0.039062
0 0.840820 0.894043 0.041016 0.040039
0 0.318359 0.904297 0.044922 0.039062
0 0.442383 0.926270 0.078125 0.081055
0 0.602051 0.909180 0.041992 0.039062
0 0.742676 0.921875 0.040039 0.052734
0 0.861816 0.924805 0.049805 0.041016
0 0.622070 0.935059 0.042969 0.040039
0 0.562988 0.943359 0.051758 0.042969
0 0.013672 0.948242 0.027344 0.044922
0 0.886719 0.950684 0.039062 0.047852
0 0.765137 0.949219 0.045898 0.041016
0 0.395996 0.961914 0.038086 0.042969
0 0.187012 0.964844 0.049805 0.042969
0 0.920410 0.979492 0.041992 0.041016
0 0.546875 0.981445 0.042969 0.037109
0 0.673828 0.982910 0.054688 0.034180
0 0.292480 0.983887 0.040039 0.032227
0 0.820312 0.988770 0.042969 0.022461
0 0.379883 0.991699 0.035156 0.016602
1 0.530762 0.098633 0.159180 0.074219
1 0.646484 0.131836 0.080078 0.052734
1 0.468750 0.165039 0.080078 0.050781
1 0.351074 0.191406 0.073242 0.054688
1 0.546387 0.187988 0.081055 0.047852
1 0.623047 0.212402 0.082031 0.049805
1 0.924805 0.221191 0.033203 0.053711
1 0.033203 0.297852 0.050781 0.044922
1 0.017578 0.322754 0.035156 0.047852
1 0.127441 0.328125 0.041992 0.046875
1 0.481445 0.326660 0.042969 0.040039
1 0.553711 0.357422 0.039062 0.054688
1 0.888184 0.374023 0.043945 0.037109
1 0.733887 0.412598 0.030273 0.034180
1 0.521973 0.493164 0.051758 0.042969
1 0.425293 0.513184 0.041992 0.041992
1 0.472656 0.527832 0.042969 0.051758
1 0.215332 0.551270 0.051758 0.034180
1 0.579102 0.587891 0.042969 0.044922
1 0.682617 0.588867 0.031250 0.041016
1 0.820312 0.585449 0.050781 0.032227
1 0.060547 0.608398 0.042969 0.048828
1 0.426758 0.621094 0.046875 0.050781
1 0.126953 0.668457 0.046875 0.040039
1 0.682617 0.705078 0.039062 0.039062
1 0.875977 0.808594 0.041016 0.044922
1 0.783203 0.850586 0.044922 0.054688
1 0.554688 0.852051 0.048828 0.040039
1 0.377441 0.858398 0.043945 0.048828
1 0.926270 0.868164 0.049805 0.039062
1 0.234863 0.940430 0.038086 0.041016
1 0.796387 0.977051 0.038086 0.045898
2 0.778320 0.183105 0.048828 0.043945
2 0.892578 0.215820 0.033203 0.039062
2 0.628906 0.277344 0.037109 0.037109
2 0.050781 0.427734 0.044922 0.042969
2 0.354980 0.695312 0.040039 0.050781
2 0.302246 0.950195 0.026367 0.023438
