0 0.166504 0.013672 0.041992 0.027344
0 0.375000 0.030273 0.039062 0.060547
0 0.704590 0.019531 0.055664 0.039062
0 0.820801 0.011230 0.045898 0.022461
0 0.541992 0.035156 0.056641 0.048828
0 0.664062 0.042969 0.039062 0.037109
0 0.734375 0.050781 0.050781 0.041016
0 0.186035 0.057129 0.045898 0.045898
0 0.871582 0.055664 0.041992 0.044922
0 0.580566 0.060547 0.043945 0.041016
0 0.283691 0.060547 0.030273 0.037109
0 0.620605 0.062500 0.040039 0.039062
0 0.764648 0.080566 0.046875 0.045898
0 0.371582 0.078125 0.040039 0.035156
0 0.217285 0.097656 0.045898 0.042969
0 0.271973 0.114746 0.041992 0.075195
0 0.870117 0.097656 0.042969 0.039062
0 0.366699 0.114258 0.038086 0.035156
0 0.874023 0.135742 0.041016 0.037109
0 0.779785 0.159668 0.047852 0.036133
0 0.248535 0.167969 0.040039 0.037109
0 0.357910 0.185059 0.040039 0.034180
0 0.781250 0.196289 0.035156 0.035156
0 0.595215 0.206543 0.038086 0.049805
0 0.874512 0.208496 0.034180 0.038086
0 0.355469 0.219238 0.041016 0.034180
0 0.922363 0.234863 0.038086 0.045898
0 0.130371 0.230957 0.040039 0.030273
0 0.781250 0.240234 0.041016 0.048828
0 0.246094 0.240723 0.037109 0.034180
0 0.620117 0.245117 0.037109 0.041016
0 0.870605 0.244629 0.028320 0.032227
0 0.481934 0.256836 0.041992 0.041016
0 0.351562 0.273438 0.041016 0.066406
0 0.130371 0.262207 0.040039 0.030273
0 0.245605 0.278809 0.034180 0.036133
0 0.695801 0.278809 0.038086 0.034180
0 0.874512 0.283203 0.047852 0.039062
0 0.654297 0.289551 0.035156 0.043945
0 0.489746 0.299316 0.045898 0.038086
0 0.608887 0.304688 0.036133 0.046875
0 0.132812 0.317871 0.037109 0.040039
0 0.245117 0.313477 0.029297 0.029297
0 0.016113 0.325195 0.030273 0.039062
0 0.346191 0.325684 0.032227 0.034180
0 0.832520 0.339844 0.051758 0.044922
0 0.530762 0.341309 0.049805 0.041992
0 0.234863 0.351074 0.053711 0.036133
0 0.795898 0.350586 0.035156 0.035156
0 0.760254 0.362793 0.032227 0.036133
0 0.724121 0.368652 0.034180 0.043945
0 0.690918 0.374023 0.036133 0.041016
0 0.419922 0.398438 0.035156 0.041016
0 0.624512 0.398438 0.036133 0.042969
0 0.354492 0.399414 0.041016 0.033203
0 0.592773 0.411133 0.039062 0.044922
0 0.126953 0.408203 0.039062 0.031250
0 0.038086 0.420898 0.039062 0.042969
0 0.558105 0.426270 0.036133 0.045898
0 0.007812 0.423828 0.015625 0.027344
0 0.526367 0.440918 0.041016 0.043945
0 0.357422 0.439453 0.042969 0.037109
0 0.497070 0.454102 0.042969 0.048828
0 0.261719 0.464355 0.048828 0.040039
0 0.467773 0.473633 0.042969 0.048828
0 0.036621 0.481445 0.041992 0.037109
0 0.435547 0.491211 0.044922 0.048828
0 0.135742 0.497070 0.037109 0.039062
0 0.270020 0.500488 0.047852 0.038086
0 0.405762 0.514160 0.047852 0.043945
0 0.040039 0.537109 0.050781 0.070312
0 0.149902 0.537109 0.041992 0.039062
0 0.381348 0.541016 0.045898 0.044922
0 0.894531 0.576172 0.074219 0.091797
0 0.347168 0.553711 0.041992 0.044922
0 0.164062 0.573242 0.039062 0.039062
0 0.311523 0.590332 0.042969 0.069336
0 0.061035 0.589844 0.036133 0.054688
0 0.280273 0.599609 0.039062 0.050781
0 0.105957 0.687500 0.041992 0.048828
0 0.518555 0.689453 0.027344 0.041016
0 0.197266 0.726562 0.041016 0.068359
0 0.076660 0.715820 0.043945 0.042969
0 0.013184 0.766602 0.026367 0.039062
0 0.414062 0.905273 0.025391 0.025391
0 0.416992 0.942383 0.062500 0.052734
0 0.362793 0.980469 0.051758 0.039062
1 0.859863 0.021973 0.043945 0.043945
1 0.050781 0.093750 0.091797 0.093750
1 0.922363 0.101562 0.040039 0.050781
1 0.776855 0.117188 0.051758 0.041016
1 0.362305 0.148926 0.041016 0.032227
1 0.551270 0.198242 0.034180 0.041016
1 0.246582 0.203613 0.034180 0.034180
1 0.967285 0.232422 0.051758 0.042969
1 0.733887 0.261230 0.038086 0.040039
1 0.092773 0.313965 0.037109 0.057617
1 0.875977 0.321289 0.046875 0.044922
1 0.052734 0.324707 0.033203 0.041992
1 0.352051 0.364258 0.043945 0.035156
1 0.658691 0.389160 0.036133 0.045898
1 0.246094 0.391602 0.039062 0.039062
1 0.251953 0.429199 0.042969 0.040039
1 0.130371 0.458984 0.040039 0.039062
1 0.145020 0.645508 0.077148 0.078125
1 0.027832 0.633301 0.045898 0.043945
1 0.050781 0.748047 0.050781 0.058594
1 0.658691 0.903320 0.104492 0.119141
1 0.460449 0.902832 0.055664 0.045898
2 0.952148 0.015137 0.041016 0.030273
2 0.509277 0.216797 0.047852 0.048828
