0 0.117188 0.015625 0.068359 0.027344
0 0.077637 0.225586 0.131836 0.080078
0 0.921875 0.236328 0.009766 0.013672
0 0.729980 0.249512 0.022461 0.036133
0 0.887207 0.254883 0.028320 0.042969
0 0.545410 0.246094 0.024414 0.019531
0 0.624512 0.248047 0.022461 0.023438
0 0.759277 0.259277 0.020508 0.036133
0 0.860840 0.255859 0.018555 0.031250
0 0.968262 0.259277 0.020508 0.038086
0 0.703125 0.251465 0.019531 0.018555
0 0.913086 0.259277 0.021484 0.028320
0 0.808594 0.256836 0.023438 0.017578
0 0.835449 0.261230 0.020508 0.020508
0 0.938477 0.265625 0.023438 0.021484
0 0.990234 0.265625 0.019531 0.023438
0 0.141113 0.322754 0.071289 0.053711
0 0.531250 0.318359 0.025391 0.025391
0 0.562500 0.330078 0.029297 0.044922
0 0.594238 0.322266 0.024414 0.031250
0 0.624512 0.326172 0.016602 0.021484
0 0.682617 0.326660 0.021484 0.022461
0 0.738770 0.331543 0.024414 0.034180
0 0.707520 0.335938 0.026367 0.035156
0 0.769531 0.330078 0.023438 0.017578
0 0.799805 0.334961 0.023438 0.029297
0 0.882324 0.341309 0.024414 0.036133
0 0.915527 0.338379 0.020508 0.018555
0 0.992188 0.342285 0.015625 0.028320
0 0.940430 0.344727 0.027344 0.029297
0 0.971680 0.342285 0.023438 0.022461
0 0.399902 0.354004 0.043945 0.036133
0 0.484375 0.340820 0.021484 0.009766
0 0.128906 0.368652 0.029297 0.040039
0 0.106934 0.408691 0.108398 0.118164
0 0.729492 0.354980 0.013672 0.010742
0 0.236328 0.411621 0.156250 0.118164
0 0.505859 0.377441 0.019531 0.036133
0 0.377441 0.368652 0.012695 0.012695
0 0.722656 0.382812 0.023438 0.039062
0 0.642578 0.384766 0.023438 0.029297
0 0.589355 0.386230 0.024414 0.028320
0 0.530762 0.385254 0.024414 0.022461
0 0.613770 0.390137 0.020508 0.020508
0 0.832031 0.397949 0.019531 0.032227
0 0.860352 0.395508 0.027344 0.027344
0 0.695801 0.395020 0.024414 0.014648
0 0.750488 0.395996 0.024414 0.018555
0 0.889160 0.399902 0.024414 0.024414
0 0.378906 0.405273 0.029297 0.023438
0 0.942383 0.405762 0.023438 0.026367
0 0.992676 0.407227 0.014648 0.013672
0 0.368652 0.428711 0.026367 0.025391
0 0.434082 0.460938 0.034180 0.048828
0 0.495117 0.453613 0.027344 0.034180
0 0.358887 0.454102 0.026367 0.027344
0 0.467773 0.453125 0.019531 0.021484
0 0.608887 0.462891 0.028320 0.029297
0 0.581543 0.460449 0.020508 0.022461
0 0.072754 0.470703 0.057617 0.037109
0 0.523926 0.461914 0.016602 0.021484
0 0.640625 0.465332 0.023438 0.028320
0 0.666992 0.469727 0.027344 0.033203
0 0.218750 0.469238 0.029297 0.028320
0 0.697266 0.465332 0.025391 0.018555
0 0.726074 0.468750 0.018555 0.027344
0 0.785156 0.472168 0.021484 0.030273
0 0.188477 0.482910 0.029297 0.038086
0 0.870605 0.474121 0.024414 0.020508
0 0.842285 0.473633 0.026367 0.017578
0 0.926758 0.481934 0.017578 0.028320
0 0.901855 0.478027 0.022461 0.016602
0 0.983887 0.486328 0.024414 0.035156
0 0.548340 0.485352 0.012695 0.009766
0 0.203125 0.498047 0.025391 0.029297
0 0.704102 0.490723 0.007812 0.010742
0 0.332031 0.498535 0.027344 0.024414
0 0.862793 0.497070 0.016602 0.019531
0 0.715820 0.494141 0.009766 0.007812
0 0.758301 0.497070 0.010742 0.007812
0 0.407227 0.514160 0.023438 0.026367
0 0.514160 0.518066 0.024414 0.034180
0 0.568848 0.520508 0.024414 0.035156
0 0.597168 0.521484 0.024414 0.037109
0 0.704102 0.522949 0.023438 0.040039
0 0.461914 0.516602 0.023438 0.025391
0 0.541504 0.518555 0.024414 0.027344
0 0.315918 0.521973 0.036133 0.030273
0 0.980957 0.511230 0.010742 0.008789
0 0.620117 0.525391 0.021484 0.033203
0 0.754395 0.529785 0.024414 0.041992
0 0.645996 0.531250 0.022461 0.021484
0 0.675293 0.531738 0.022461 0.024414
0 0.726562 0.532715 0.017578 0.016602
0 0.863770 0.539551 0.024414 0.028320
0 0.294434 0.541016 0.024414 0.027344
0 0.942871 0.540527 0.022461 0.024414
0 0.919434 0.540527 0.022461 0.022461
0 0.173340 0.561035 0.032227 0.041992
0 0.367188 0.589355 0.019531 0.032227
0 0.993652 0.585938 0.012695 0.025391
0 0.448730 0.594238 0.026367 0.038086
0 0.637207 0.605957 0.026367 0.051758
0 0.517090 0.601562 0.043945 0.037109
0 0.422852 0.595215 0.023438 0.022461
0 0.478027 0.594238 0.022461 0.016602
0 0.557129 0.607910 0.024414 0.041992
0 0.612305 0.607910 0.021484 0.038086
0 0.584473 0.605957 0.022461 0.026367
0 0.691406 0.605469 0.025391 0.027344
0 0.665527 0.604980 0.022461 0.020508
0 0.774414 0.609375 0.023438 0.025391
0 0.989258 0.615723 0.021484 0.034180
0 0.800781 0.617188 0.025391 0.033203
0 0.828125 0.622070 0.023438 0.041016
0 0.855469 0.621094 0.025391 0.033203
0 0.882324 0.619141 0.024414 0.031250
0 0.981445 0.636230 0.037109 0.032227
0 0.441406 0.632812 0.011719 0.009766
0 0.458008 0.634277 0.007812 0.014648
0 0.259277 0.642090 0.026367 0.024414
0 0.339355 0.651367 0.022461 0.027344
0 0.497559 0.659668 0.024414 0.032227
0 0.416016 0.655762 0.021484 0.022461
0 0.767578 0.666504 0.029297 0.043945
0 0.967773 0.660156 0.031250 0.029297
0 0.471191 0.660156 0.018555 0.025391
0 0.104004 0.677734 0.157227 0.058594
0 0.443359 0.662109 0.023438 0.023438
0 0.577637 0.666016 0.022461 0.031250
0 0.525391 0.664062 0.023438 0.023438
0 0.633301 0.667480 0.022461 0.028320
0 0.683105 0.670410 0.022461 0.028320
0 0.819824 0.674805 0.020508 0.037109
0 0.709961 0.674805 0.019531 0.017578
0 0.236328 0.688965 0.037109 0.034180
0 0.842773 0.683105 0.019531 0.020508
0 0.937012 0.707520 0.034180 0.034180
0 0.995117 0.705566 0.009766 0.020508
0 0.219727 0.715332 0.044922 0.036133
0 0.121094 0.741211 0.050781 0.046875
0 0.354004 0.729492 0.022461 0.019531
0 0.937012 0.740723 0.049805 0.043945
0 0.434082 0.731934 0.024414 0.022461
0 0.461426 0.739258 0.022461 0.037109
0 0.487793 0.733398 0.024414 0.023438
0 0.515625 0.738281 0.019531 0.027344
0 0.593262 0.737793 0.024414 0.018555
0 0.540527 0.740723 0.022461 0.020508
0 0.567383 0.745117 0.019531 0.027344
0 0.645020 0.746582 0.026367 0.030273
0 0.070312 0.772461 0.105469 0.078125
0 0.674805 0.748047 0.023438 0.027344
0 0.702637 0.749023 0.018555 0.027344
0 0.830078 0.756348 0.019531 0.026367
0 0.919434 0.761230 0.040039 0.036133
0 0.342285 0.752441 0.010742 0.012695
0 0.971680 0.768066 0.041016 0.040039
0 0.200684 0.766113 0.032227 0.030273
0 0.400391 0.784180 0.029297 0.041016
0 0.910156 0.781250 0.050781 0.031250
0 0.333008 0.788086 0.046875 0.037109
0 0.267090 0.790527 0.022461 0.032227
0 0.292480 0.789551 0.022461 0.030273
0 0.774902 0.777344 0.010742 0.007812
0 0.800293 0.779297 0.010742 0.007812
0 0.532715 0.794434 0.024414 0.034180
0 0.450684 0.795898 0.016602 0.033203
0 0.477539 0.795898 0.021484 0.027344
0 0.690918 0.801270 0.024414 0.040039
0 0.505859 0.801270 0.023438 0.030273
0 0.635254 0.803223 0.018555 0.036133
0 0.661621 0.802734 0.020508 0.029297
0 0.425781 0.800293 0.021484 0.022461
0 0.608398 0.804199 0.021484 0.024414
0 0.556152 0.806152 0.020508 0.018555
0 0.767578 0.812500 0.019531 0.025391
0 0.794434 0.812012 0.022461 0.026367
0 0.871094 0.829590 0.033203 0.036133
0 0.862305 0.854004 0.044922 0.041992
0 0.135254 0.856934 0.022461 0.022461
0 0.163086 0.858887 0.025391 0.026367
0 0.214355 0.865723 0.024414 0.032227
0 0.243164 0.861328 0.023438 0.019531
0 0.270508 0.862793 0.023438 0.018555
0 0.294434 0.867188 0.016602 0.027344
0 0.407715 0.869629 0.022461 0.024414
0 0.322754 0.868652 0.022461 0.018555
0 0.378418 0.869629 0.024414 0.016602
0 0.434570 0.872070 0.025391 0.021484
0 0.460938 0.875488 0.017578 0.026367
0 0.482910 0.879883 0.016602 0.023438
0 0.512207 0.876953 0.024414 0.019531
0 0.567383 0.880371 0.023438 0.024414
0 0.675781 0.884766 0.023438 0.029297
0 0.592773 0.885254 0.017578 0.022461
0 0.620117 0.882324 0.021484 0.016602
0 0.726074 0.888672 0.018555 0.027344
0 0.806641 0.901367 0.025391 0.052734
0 0.701172 0.889648 0.023438 0.023438
0 0.782227 0.891602 0.025391 0.023438
0 0.302246 0.888672 0.008789 0.009766
0 0.452637 0.896973 0.012695 0.014648
1 0.496094 0.230957 0.025391 0.040039
1 0.575684 0.237793 0.030273 0.041992
1 0.443848 0.236328 0.030273 0.035156
1 0.470215 0.240723 0.022461 0.028320
1 0.520020 0.243164 0.016602 0.025391
1 0.600586 0.249512 0.021484 0.026367
1 0.506836 0.319336 0.021484 0.039062
1 0.826660 0.334473 0.024414 0.030273
1 0.421875 0.334473 0.031250 0.026367
1 0.854980 0.339844 0.028320 0.039062
1 0.477051 0.376953 0.022461 0.025391
1 0.669434 0.386230 0.018555 0.034180
1 0.559082 0.387695 0.024414 0.021484
1 0.775391 0.392090 0.021484 0.024414
1 0.806641 0.395020 0.027344 0.032227
1 0.914551 0.403320 0.022461 0.021484
1 0.811035 0.472656 0.018555 0.029297
1 0.348145 0.479004 0.024414 0.024414
1 0.951660 0.485352 0.024414 0.031250
1 0.837402 0.488281 0.010742 0.009766
1 0.781738 0.527832 0.024414 0.032227
1 0.890625 0.542969 0.023438 0.027344
1 0.300293 0.574219 0.028320 0.025391
1 0.393555 0.592773 0.021484 0.027344
1 0.287109 0.598633 0.025391 0.025391
1 0.745117 0.610352 0.029297 0.031250
1 0.716797 0.610840 0.023438 0.026367
1 0.273926 0.621094 0.026367 0.029297
1 0.365723 0.651367 0.018555 0.021484
1 0.393066 0.660156 0.024414 0.029297
1 0.247559 0.666016 0.032227 0.031250
1 0.555176 0.664062 0.024414 0.025391
1 0.604004 0.669922 0.024414 0.021484
1 0.791992 0.671875 0.017578 0.023438
1 0.870605 0.684082 0.024414 0.034180
1 0.950195 0.686035 0.033203 0.036133
1 0.298340 0.731934 0.028320 0.047852
1 0.327148 0.727051 0.019531 0.018555
1 0.408691 0.736816 0.016602 0.034180
1 0.211426 0.738770 0.030273 0.030273
1 0.779297 0.748535 0.023438 0.036133
1 0.726562 0.752930 0.025391 0.035156
1 0.805176 0.753418 0.024414 0.026367
1 0.581543 0.797852 0.018555 0.048828
1 0.188477 0.789062 0.031250 0.025391
1 0.884766 0.801270 0.029297 0.030273
1 0.740723 0.809082 0.022461 0.024414
1 0.940430 0.879395 0.052734 0.034180
1 0.648926 0.880371 0.024414 0.022461
1 0.754883 0.890137 0.023438 0.020508
2 0.679199 0.248535 0.018555 0.022461
2 0.429199 0.310059 0.047852 0.038086
2 0.651855 0.334473 0.030273 0.036133
2 0.392090 0.379395 0.026367 0.024414
2 0.969238 0.403320 0.026367 0.039062
2 0.553711 0.458984 0.025391 0.027344
2 0.754395 0.473145 0.026367 0.024414
2 0.791992 0.513184 0.013672 0.016602
2 0.487305 0.522949 0.019531 0.028320
2 0.836426 0.535156 0.014648 0.021484
2 0.907715 0.616699 0.024414 0.043945
