0 0.717773 0.011719 0.041016 0.023438
0 0.195801 0.015137 0.038086 0.026367
0 0.567383 0.031738 0.029297 0.041992
0 0.024902 0.035156 0.036133 0.031250
0 0.453125 0.044434 0.044922 0.034180
0 0.306641 0.065918 0.031250 0.032227
0 0.955566 0.087891 0.020508 0.019531
0 0.734863 0.095703 0.038086 0.021484
0 0.985840 0.102051 0.028320 0.034180
0 0.031738 0.107422 0.049805 0.039062
0 0.568359 0.148438 0.091797 0.080078
0 0.275391 0.130859 0.031250 0.025391
0 0.979980 0.137695 0.040039 0.033203
0 0.820312 0.134277 0.056641 0.020508
0 0.915039 0.141602 0.023438 0.031250
0 0.808594 0.152344 0.044922 0.021484
0 0.279785 0.165527 0.077148 0.038086
0 0.963867 0.172363 0.068359 0.038086
0 0.172363 0.170410 0.032227 0.028320
0 0.689453 0.178223 0.048828 0.028320
0 0.803223 0.192871 0.067383 0.049805
0 0.053223 0.193848 0.041992 0.026367
0 0.150879 0.199219 0.061523 0.039062
0 0.699707 0.206543 0.041992 0.028320
0 0.270996 0.213379 0.045898 0.038086
0 0.791504 0.222168 0.034180 0.014648
0 0.900879 0.241211 0.024414 0.044922
0 0.702148 0.235840 0.031250 0.028320
0 0.806641 0.235840 0.072266 0.026367
0 0.009277 0.253906 0.018555 0.052734
0 0.571289 0.253906 0.031250 0.023438
0 0.137207 0.275391 0.053711 0.062500
0 0.527344 0.261719 0.054688 0.029297
0 0.693359 0.260254 0.031250 0.028320
0 0.954102 0.267578 0.046875 0.033203
0 0.400879 0.278320 0.065430 0.042969
0 0.783691 0.271973 0.036133 0.024414
0 0.688965 0.284668 0.028320 0.028320
0 0.516602 0.293457 0.041016 0.032227
0 0.905273 0.313965 0.033203 0.051758
0 0.396973 0.310059 0.038086 0.036133
0 0.676758 0.308594 0.050781 0.033203
0 0.773926 0.306641 0.032227 0.023438
0 0.238770 0.330566 0.071289 0.067383
0 0.011230 0.325195 0.022461 0.046875
0 0.876465 0.317383 0.022461 0.033203
0 0.131836 0.321289 0.033203 0.031250
0 0.924805 0.333008 0.019531 0.035156
0 0.671875 0.332520 0.041016 0.028320
0 0.774414 0.333496 0.039062 0.024414
0 0.397949 0.337402 0.045898 0.020508
0 0.664551 0.356934 0.047852 0.032227
0 0.760742 0.354492 0.021484 0.013672
0 0.482422 0.365234 0.027344 0.029297
0 0.118652 0.378418 0.032227 0.030273
0 0.763672 0.376953 0.041016 0.027344
0 0.381836 0.387207 0.042969 0.038086
0 0.943848 0.381836 0.032227 0.023438
0 0.495605 0.395508 0.053711 0.027344
0 0.112305 0.409180 0.042969 0.042969
0 0.217773 0.413574 0.033203 0.049805
0 0.931641 0.412598 0.056641 0.032227
0 0.792969 0.429688 0.058594 0.037109
0 0.649414 0.431641 0.042969 0.025391
0 0.833984 0.426758 0.011719 0.011719
0 0.922852 0.437988 0.039062 0.036133
0 0.082031 0.449707 0.085938 0.051758
0 0.889648 0.440918 0.021484 0.018555
0 0.187988 0.452148 0.022461 0.031250
0 0.748535 0.460449 0.028320 0.026367
0 0.643066 0.466309 0.043945 0.028320
0 0.227539 0.473145 0.035156 0.040039
0 0.371582 0.468262 0.051758 0.030273
0 0.479980 0.484375 0.043945 0.027344
0 0.911133 0.483887 0.027344 0.018555
0 0.762207 0.492676 0.036133 0.022461
0 0.640137 0.496094 0.032227 0.027344
0 0.753906 0.505859 0.087891 0.027344
0 0.900879 0.510742 0.045898 0.035156
0 0.495605 0.517578 0.038086 0.027344
0 0.464844 0.541016 0.054688 0.033203
0 0.729004 0.541016 0.057617 0.031250
0 0.520508 0.569824 0.033203 0.040039
0 0.737305 0.564453 0.052734 0.025391
0 0.451172 0.573730 0.039062 0.028320
0 0.079590 0.576660 0.040039 0.028320
0 0.177246 0.589844 0.063477 0.050781
0 0.986816 0.582520 0.026367 0.032227
0 0.754395 0.584961 0.020508 0.017578
0 0.854980 0.609375 0.092773 0.062500
0 0.289062 0.619141 0.146484 0.054688
0 0.478027 0.665039 0.036133 0.029297
0 0.612793 0.700195 0.036133 0.064453
0 0.727051 0.719238 0.045898 0.034180
0 0.877930 0.738281 0.035156 0.021484
0 0.786133 0.748047 0.025391 0.015625
0 0.927734 0.763184 0.033203 0.038086
0 0.746582 0.761230 0.038086 0.022461
0 0.837402 0.763184 0.034180 0.016602
0 0.875000 0.769043 0.027344 0.014648
0 0.783691 0.775391 0.026367 0.015625
0 0.734375 0.787598 0.027344 0.016602
0 0.777344 0.791504 0.021484 0.012695
0 0.829590 0.793945 0.034180 0.017578
0 0.864258 0.798828 0.031250 0.019531
0 0.733887 0.802246 0.032227 0.016602
0 0.775391 0.806152 0.027344 0.016602
0 0.656738 0.808105 0.038086 0.018555
0 0.823242 0.807129 0.027344 0.014648
0 0.860352 0.811523 0.031250 0.017578
0 0.729980 0.818848 0.030273 0.016602
0 0.771973 0.820801 0.026367 0.014648
0 0.855469 0.828613 0.033203 0.024414
0 0.719238 0.831543 0.030273 0.014648
0 0.824219 0.841309 0.037109 0.034180
0 0.850098 0.846191 0.012695 0.022461
1 0.296387 0.018066 0.045898 0.022461
1 0.176270 0.071289 0.055664 0.029297
1 0.656738 0.109863 0.040039 0.038086
1 0.721680 0.113770 0.066406 0.030273
1 0.168457 0.133301 0.049805 0.036133
1 0.716797 0.138672 0.042969 0.029297
1 0.857422 0.176758 0.035156 0.015625
1 0.141113 0.230957 0.057617 0.040039
1 0.959473 0.321289 0.028320 0.044922
1 0.661621 0.382324 0.040039 0.032227
1 0.664551 0.409180 0.034180 0.029297
1 0.383789 0.432617 0.046875 0.025391
1 0.251465 0.506348 0.026367 0.047852
1 0.595703 0.563477 0.126953 0.097656
1 0.989746 0.551758 0.020508 0.025391
1 0.773438 0.549805 0.031250 0.017578
1 0.862305 0.568848 0.044922 0.026367
1 0.028809 0.574707 0.034180 0.028320
1 0.473633 0.685059 0.087891 0.077148
1 0.675781 0.729980 0.033203 0.026367
1 0.665527 0.760254 0.026367 0.024414
1 0.819336 0.820312 0.027344 0.017578
2 0.025879 0.073242 0.038086 0.039062
2 0.174805 0.097656 0.052734 0.033203
2 0.130371 0.349609 0.030273 0.031250
2 0.297363 0.536621 0.032227 0.026367
2 0.606934 0.569824 0.090820 0.043945
2 0.711914 0.592773 0.042969 0.019531
2 0.747070 0.613281 0.023438 0.037109
3 0.767578 0.632324 0.013672 0.018555
