0 0.217285 0.172852 0.041992 0.035156
0 0.787598 0.164551 0.012695 0.018555
0 0.090332 0.186035 0.047852 0.059570
0 0.440430 0.181641 0.035156 0.039062
0 0.330566 0.184082 0.045898 0.040039
0 0.378906 0.177734 0.027344 0.023438
0 0.544434 0.193848 0.049805 0.045898
0 0.735840 0.189941 0.024414 0.022461
0 0.848145 0.193359 0.030273 0.029297
0 0.882324 0.194336 0.028320 0.031250
0 0.915527 0.194824 0.030273 0.030273
0 0.583496 0.194336 0.024414 0.023438
0 0.198730 0.199707 0.034180 0.032227
0 0.310547 0.203613 0.041016 0.040039
0 0.425293 0.207031 0.038086 0.037109
0 0.953613 0.201660 0.030273 0.020508
0 0.072266 0.216309 0.044922 0.041992
0 0.169434 0.227051 0.041992 0.063477
0 0.986328 0.206543 0.027344 0.020508
0 0.292480 0.229004 0.040039 0.034180
0 0.127441 0.226562 0.020508 0.021484
0 0.523438 0.236816 0.056641 0.040039
0 0.060059 0.242676 0.043945 0.041992
0 0.385254 0.245605 0.043945 0.049805
0 0.610840 0.241211 0.036133 0.037109
0 0.114746 0.242676 0.024414 0.024414
0 0.270020 0.263672 0.047852 0.046875
0 0.125977 0.275879 0.054688 0.055664
0 0.485840 0.279785 0.047852 0.063477
0 0.748535 0.271484 0.030273 0.031250
0 0.825195 0.281738 0.041016 0.049805
0 0.042480 0.278320 0.049805 0.041016
0 0.347168 0.285156 0.055664 0.052734
0 0.781250 0.267090 0.029297 0.018555
0 0.600586 0.279297 0.037109 0.037109
0 0.974121 0.281250 0.032227 0.033203
0 0.916992 0.287598 0.033203 0.040039
0 0.251465 0.297363 0.053711 0.051758
0 0.674805 0.313965 0.033203 0.040039
0 0.570801 0.326172 0.051758 0.062500
0 0.352539 0.307617 0.021484 0.021484
0 0.109375 0.319336 0.042969 0.039062
0 0.900391 0.318359 0.042969 0.037109
0 0.798828 0.313477 0.019531 0.019531
0 0.946777 0.318359 0.028320 0.027344
0 0.439941 0.333984 0.041992 0.052734
0 0.212402 0.339355 0.053711 0.057617
0 0.024902 0.340820 0.036133 0.052734
0 0.927246 0.323242 0.016602 0.015625
0 0.323242 0.340820 0.039062 0.039062
0 0.656250 0.341309 0.033203 0.038086
0 0.869141 0.339355 0.035156 0.032227
0 0.098145 0.344727 0.036133 0.037109
0 0.939941 0.333984 0.014648 0.013672
0 0.769531 0.343750 0.033203 0.031250
0 0.250488 0.343262 0.024414 0.024414
0 0.051270 0.341309 0.014648 0.016602
0 0.277832 0.373047 0.051758 0.066406
0 0.952637 0.361816 0.030273 0.034180
0 0.747070 0.368164 0.033203 0.042969
0 0.078125 0.366699 0.041016 0.038086
0 0.849609 0.372559 0.035156 0.047852
0 0.414551 0.385254 0.047852 0.057617
0 0.061523 0.391602 0.041016 0.039062
0 0.932129 0.392090 0.032227 0.036133
0 0.831055 0.392578 0.041016 0.033203
0 0.519043 0.394531 0.034180 0.033203
0 0.723633 0.398438 0.037109 0.037109
0 0.017578 0.390137 0.013672 0.014648
0 0.614258 0.405762 0.031250 0.036133
0 0.898438 0.416504 0.048828 0.040039
0 0.387207 0.423340 0.065430 0.047852
0 0.693848 0.422852 0.036133 0.035156
0 0.029785 0.427734 0.043945 0.041016
0 0.596680 0.424316 0.044922 0.032227
0 0.808105 0.424805 0.034180 0.033203
0 0.144043 0.432617 0.045898 0.042969
0 0.233887 0.430664 0.051758 0.041016
0 0.503418 0.423828 0.026367 0.027344
0 0.982422 0.440918 0.035156 0.041992
0 0.855957 0.431152 0.020508 0.018555
0 0.780762 0.451172 0.043945 0.044922
0 0.642578 0.438477 0.017578 0.015625
0 0.673340 0.451172 0.041992 0.041016
0 0.346191 0.461914 0.043945 0.050781
0 0.576172 0.454590 0.037109 0.032227
0 0.203125 0.447754 0.015625 0.016602
0 0.857910 0.466797 0.032227 0.039062
0 0.959473 0.467773 0.034180 0.035156
0 0.449219 0.478516 0.048828 0.044922
0 0.652344 0.476562 0.041016 0.039062
0 0.107422 0.483398 0.044922 0.048828
0 0.211426 0.483398 0.059570 0.048828
0 0.389648 0.477051 0.023438 0.024414
0 0.613281 0.477539 0.021484 0.021484
0 0.145020 0.488770 0.032227 0.030273
0 0.834473 0.492188 0.028320 0.039062
0 0.336914 0.502441 0.044922 0.045898
0 0.939941 0.495605 0.034180 0.034180
0 0.627441 0.503418 0.036133 0.036133
0 0.173828 0.522949 0.044922 0.069336
0 0.795410 0.499512 0.020508 0.020508
0 0.429199 0.511230 0.032227 0.036133
0 0.914062 0.518555 0.037109 0.037109
0 0.303223 0.523438 0.043945 0.029297
0 0.527344 0.526855 0.027344 0.036133
0 0.813965 0.524414 0.034180 0.031250
0 0.708008 0.528809 0.035156 0.034180
0 0.769531 0.523438 0.017578 0.019531
0 0.089355 0.533691 0.043945 0.036133
0 0.976074 0.552246 0.047852 0.065430
0 0.406250 0.541504 0.035156 0.034180
0 0.896973 0.548828 0.030273 0.039062
0 0.504395 0.549805 0.032227 0.037109
0 0.567383 0.551758 0.033203 0.031250
0 0.690918 0.554688 0.034180 0.039062
0 0.070312 0.553223 0.019531 0.016602
0 0.270020 0.568848 0.051758 0.045898
0 0.307617 0.557617 0.019531 0.021484
0 0.765137 0.571289 0.038086 0.048828
0 0.054688 0.569824 0.039062 0.038086
0 0.735840 0.565430 0.016602 0.017578
0 0.586426 0.575195 0.041992 0.033203
0 0.713379 0.565918 0.016602 0.014648
0 0.145508 0.586426 0.054688 0.045898
0 0.484863 0.580566 0.030273 0.032227
0 0.945801 0.588867 0.036133 0.048828
0 0.033691 0.595215 0.036133 0.038086
0 0.845215 0.598145 0.034180 0.036133
0 0.101562 0.594238 0.017578 0.018555
0 0.393555 0.616699 0.031250 0.034180
0 0.895996 0.611816 0.022461 0.020508
0 0.925293 0.621582 0.032227 0.034180
0 0.114258 0.632812 0.042969 0.054688
0 0.823242 0.629395 0.039062 0.041992
0 0.437988 0.639648 0.032227 0.031250
0 0.671387 0.647461 0.036133 0.035156
0 0.309570 0.643066 0.023438 0.022461
0 0.870117 0.638184 0.013672 0.012695
0 0.803711 0.649414 0.033203 0.031250
0 0.899902 0.653320 0.032227 0.033203
0 0.411621 0.651855 0.016602 0.018555
0 0.204102 0.668945 0.050781 0.046875
0 0.455078 0.664551 0.042969 0.032227
0 0.689453 0.672363 0.044922 0.036133
0 0.307129 0.686523 0.047852 0.056641
0 0.595215 0.676758 0.040039 0.037109
0 0.829590 0.665039 0.012695 0.011719
0 0.490723 0.690918 0.032227 0.032227
0 0.643066 0.687988 0.020508 0.020508
0 0.959473 0.698242 0.040039 0.035156
0 0.847656 0.702637 0.031250 0.034180
0 0.615723 0.704102 0.036133 0.029297
0 0.188477 0.721191 0.058594 0.059570
0 0.993164 0.703125 0.013672 0.013672
0 0.514160 0.714844 0.036133 0.035156
0 0.340332 0.724121 0.045898 0.045898
0 0.650391 0.720703 0.031250 0.029297
0 0.928711 0.727539 0.033203 0.039062
0 0.042480 0.730469 0.041992 0.042969
0 0.370117 0.738281 0.050781 0.052734
0 0.770020 0.738770 0.040039 0.034180
0 0.725098 0.737793 0.026367 0.024414
0 0.399414 0.756836 0.044922 0.042969
0 0.799805 0.757812 0.033203 0.031250
0 0.698242 0.767090 0.039062 0.043945
0 0.725098 0.755371 0.012695 0.012695
0 0.984375 0.770996 0.031250 0.034180
0 0.937012 0.766602 0.014648 0.015625
0 0.827637 0.785156 0.036133 0.042969
0 0.583496 0.784180 0.036133 0.035156
0 0.214355 0.807617 0.047852 0.078125
0 0.942383 0.781738 0.025391 0.024414
0 0.964844 0.797852 0.039062 0.037109
0 0.262207 0.796387 0.040039 0.024414
0 0.312500 0.811523 0.062500 0.054688
0 0.083008 0.837891 0.082031 0.099609
0 0.381836 0.797852 0.021484 0.021484
0 0.458496 0.804688 0.040039 0.033203
0 0.400391 0.804688 0.023438 0.023438
0 0.351074 0.834473 0.045898 0.043945
0 0.880859 0.828613 0.033203 0.032227
0 0.482910 0.838379 0.053711 0.047852
0 0.444824 0.841797 0.030273 0.029297
0 0.187500 0.848145 0.039062 0.040039
0 0.377441 0.862305 0.049805 0.068359
0 0.901855 0.854004 0.045898 0.041992
0 0.673828 0.852539 0.031250 0.035156
0 0.517578 0.865723 0.046875 0.051758
0 0.805176 0.862305 0.043945 0.042969
0 0.152832 0.888184 0.069336 0.051758
0 0.695801 0.876953 0.036133 0.031250
0 0.931152 0.875977 0.038086 0.029297
0 0.548340 0.887695 0.047852 0.044922
0 0.412598 0.893066 0.055664 0.041992
0 0.893066 0.881348 0.020508 0.018555
0 0.826172 0.890625 0.035156 0.033203
0 0.268555 0.901367 0.041016 0.042969
0 0.722168 0.898438 0.034180 0.033203
0 0.042480 0.907227 0.047852 0.046875
0 0.926270 0.902832 0.026367 0.026367
0 0.442383 0.922363 0.046875 0.053711
0 0.856445 0.910156 0.033203 0.031250
0 0.231445 0.918457 0.023438 0.024414
0 0.752930 0.924316 0.033203 0.036133
0 0.295898 0.932617 0.048828 0.048828
0 0.884766 0.934570 0.035156 0.035156
0 0.482422 0.955566 0.060547 0.057617
0 0.724121 0.937012 0.024414 0.022461
0 0.207520 0.959961 0.055664 0.064453
0 0.775879 0.948730 0.038086 0.032227
0 0.261719 0.943848 0.019531 0.018555
0 0.330566 0.955078 0.043945 0.039062
0 0.797852 0.970703 0.035156 0.039062
0 0.100098 0.979004 0.036133 0.041992
0 0.509277 0.978516 0.043945 0.042969
0 0.353027 0.980957 0.051758 0.038086
0 0.242676 0.983398 0.045898 0.033203
0 0.937988 0.984375 0.040039 0.031250
0 0.832031 0.987305 0.035156 0.025391
0 0.679688 0.992188 0.029297 0.015625
0 0.541016 0.994629 0.029297 0.010742
0 0.958496 0.994141 0.026367 0.011719
0 0.984375 0.995117 0.023438 0.009766
1 0.701172 0.174316 0.042969 0.051758
1 0.639648 0.219727 0.037109 0.037109
1 0.697754 0.280273 0.038086 0.044922
1 0.979492 0.335449 0.033203 0.036133
1 0.883789 0.440918 0.031250 0.032227
1 0.472168 0.458008 0.041992 0.033203
1 0.754883 0.476562 0.031250 0.039062
1 0.734375 0.500977 0.031250 0.037109
1 0.786133 0.544922 0.037109 0.037109
1 0.866211 0.572754 0.035156 0.032227
1 0.738281 0.597168 0.039062 0.036133
1 0.516602 0.609375 0.039062 0.039062
1 0.339844 0.635742 0.044922 0.046875
1 0.982910 0.674805 0.034180 0.041016
1 0.876465 0.677734 0.040039 0.035156
1 0.748535 0.715820 0.036133 0.037109
1 0.567383 0.766602 0.042969 0.050781
1 0.851562 0.809570 0.035156 0.039062
1 0.780273 0.835938 0.044922 0.039062
1 0.121582 0.926758 0.051758 0.046875
1 0.607910 0.947266 0.041992 0.041016
2 0.645996 0.372070 0.041992 0.042969
2 0.620117 0.600586 0.033203 0.033203
2 0.912598 0.753418 0.041992 0.040039
2 0.434082 0.783691 0.041992 0.041992
2 0.983887 0.928223 0.032227 0.041992
