0 0.161133 0.180176 0.015625 0.014648
0 0.025879 0.197754 0.038086 0.036133
0 0.062012 0.205566 0.030273 0.028320
0 0.097656 0.206055 0.031250 0.027344
0 0.135254 0.207031 0.028320 0.029297
0 0.171875 0.212891 0.039062 0.021484
0 0.364258 0.259766 0.039062 0.074219
0 0.019531 0.280762 0.037109 0.028320
0 0.445801 0.305176 0.079102 0.051758
0 0.105957 0.304688 0.034180 0.039062
0 0.357910 0.315430 0.034180 0.033203
0 0.211914 0.314453 0.019531 0.027344
0 0.369141 0.342285 0.037109 0.032227
0 0.199707 0.351074 0.032227 0.036133
0 0.230469 0.354004 0.015625 0.014648
0 0.126953 0.374023 0.033203 0.033203
0 0.390137 0.395996 0.041992 0.034180
0 0.015137 0.413086 0.026367 0.037109
0 0.226074 0.416992 0.036133 0.031250
0 0.430176 0.408691 0.016602 0.014648
0 0.037109 0.420410 0.017578 0.016602
0 0.085938 0.431641 0.041016 0.039062
0 0.485352 0.443848 0.058594 0.063477
0 0.409668 0.453125 0.041992 0.033203
0 0.446289 0.446777 0.017578 0.018555
0 0.064453 0.460938 0.033203 0.037109
0 0.039062 0.479004 0.041016 0.049805
0 0.155762 0.467285 0.030273 0.026367
0 0.415527 0.482422 0.026367 0.029297
0 0.255371 0.484863 0.055664 0.032227
0 0.536621 0.514160 0.063477 0.081055
0 0.143555 0.487793 0.021484 0.018555
0 0.460938 0.496582 0.017578 0.024414
0 0.425293 0.510742 0.034180 0.031250
0 0.125000 0.524414 0.046875 0.044922
0 0.259766 0.520020 0.027344 0.036133
0 0.288574 0.521973 0.014648 0.016602
0 0.474121 0.528320 0.018555 0.023438
0 0.106445 0.540527 0.054688 0.041992
0 0.435059 0.539062 0.036133 0.035156
0 0.514648 0.546875 0.017578 0.023438
0 0.168945 0.552246 0.058594 0.030273
0 0.072754 0.567383 0.036133 0.041016
0 0.445312 0.566895 0.037109 0.032227
0 0.310059 0.576172 0.018555 0.029297
0 0.153809 0.583984 0.034180 0.041016
0 0.049316 0.589844 0.036133 0.037109
0 0.286133 0.589355 0.041016 0.032227
0 0.453125 0.595215 0.027344 0.026367
0 0.090820 0.613770 0.021484 0.022461
0 0.105957 0.642090 0.034180 0.036133
0 0.502930 0.647949 0.023438 0.020508
0 0.307129 0.659668 0.028320 0.026367
0 0.079102 0.667480 0.031250 0.032227
0 0.221680 0.666992 0.042969 0.033203
0 0.163574 0.692383 0.040039 0.054688
0 0.318848 0.687012 0.036133 0.040039
0 0.035156 0.719727 0.031250 0.033203
0 0.139160 0.723633 0.040039 0.033203
0 0.315918 0.735352 0.032227 0.037109
0 0.212402 0.738281 0.036133 0.035156
0 0.091309 0.770508 0.038086 0.035156
0 0.066895 0.798828 0.038086 0.041016
0 0.095703 0.806152 0.017578 0.016602
0 0.631836 0.837402 0.082031 0.079102
0 0.249512 0.819824 0.034180 0.040039
0 0.145996 0.821777 0.032227 0.032227
0 0.027344 0.838867 0.041016 0.050781
0 0.231934 0.844238 0.038086 0.041992
0 0.541992 0.842773 0.039062 0.037109
0 0.094727 0.873535 0.037109 0.034180
0 0.661133 0.880371 0.044922 0.032227
0 0.071289 0.892578 0.039062 0.041016
0 0.180176 0.891113 0.038086 0.034180
0 0.406738 0.902832 0.041992 0.038086
0 0.294922 0.930176 0.066406 0.065430
0 0.154785 0.922363 0.032227 0.032227
0 0.686523 0.934082 0.029297 0.028320
0 0.399414 0.940918 0.041016 0.036133
0 0.140137 0.948730 0.055664 0.043945
0 0.697754 0.960938 0.040039 0.029297
0 0.409180 0.974609 0.039062 0.039062
0 0.231445 0.979004 0.037109 0.032227
0 0.268066 0.972168 0.020508 0.018555
0 0.065918 0.988281 0.040039 0.023438
0 0.255371 0.990723 0.038086 0.018555
0 0.416992 0.995605 0.027344 0.008789
1 0.447266 0.258301 0.070312 0.051758
1 0.179199 0.286621 0.034180 0.036133
1 0.110840 0.341309 0.036133 0.036133
1 0.375000 0.369629 0.033203 0.032227
1 0.210938 0.385742 0.031250 0.035156
1 0.038086 0.396973 0.046875 0.045898
1 0.235840 0.454102 0.030273 0.037109
1 0.175293 0.504883 0.028320 0.033203
1 0.272949 0.551270 0.040039 0.038086
1 0.128906 0.607910 0.041016 0.043945
1 0.024902 0.614258 0.032227 0.031250
1 0.299316 0.616699 0.038086 0.028320
1 0.463867 0.623047 0.033203 0.035156
1 0.205078 0.635254 0.039062 0.030273
1 0.473633 0.650391 0.031250 0.031250
1 0.485840 0.675781 0.038086 0.031250
1 0.053711 0.692871 0.041016 0.040039
1 0.231445 0.698730 0.042969 0.030273
1 0.608398 0.763184 0.087891 0.071289
1 0.114258 0.744141 0.031250 0.029297
1 0.191895 0.761719 0.034180 0.033203
1 0.304199 0.766113 0.045898 0.036133
1 0.277832 0.793457 0.041992 0.036133
1 0.529785 0.806641 0.043945 0.037109
1 0.387207 0.829102 0.051758 0.062500
1 0.123047 0.838379 0.041016 0.032227
1 0.214355 0.872559 0.041992 0.045898
1 0.554688 0.874023 0.044922 0.037109
1 0.674316 0.902344 0.047852 0.037109
1 0.567871 0.905273 0.043945 0.035156
1 0.583496 0.959473 0.051758 0.069336
1 0.329590 0.979492 0.028320 0.035156
2 0.186523 0.318359 0.029297 0.035156
2 0.056641 0.361816 0.037109 0.038086
2 0.107422 0.404785 0.041016 0.038086
2 0.400879 0.425293 0.041992 0.038086
2 0.024414 0.517090 0.031250 0.043945
2 0.168945 0.791016 0.037109 0.037109
2 0.017090 0.947754 0.032227 0.038086
2 0.043457 0.971191 0.038086 0.036133
3 0.564453 0.614746 0.037109 0.045898
