0 0.267578 0.022949 0.054688 0.041992
0 0.117676 0.025879 0.059570 0.038086
0 0.231445 0.014160 0.035156 0.014648
0 0.386719 0.023926 0.058594 0.034180
0 0.855469 0.020508 0.041016 0.027344
0 0.676270 0.029785 0.067383 0.040039
0 0.986816 0.029297 0.026367 0.035156
0 0.574707 0.041016 0.036133 0.044922
0 0.750977 0.037598 0.048828 0.040039
0 0.297852 0.052246 0.046875 0.055664
0 0.425293 0.044922 0.045898 0.041016
0 0.883301 0.044434 0.036133 0.041992
0 0.607910 0.038574 0.024414 0.024414
0 0.828125 0.037598 0.017578 0.016602
0 0.026367 0.047363 0.017578 0.020508
0 0.910645 0.062500 0.034180 0.033203
0 0.787109 0.088867 0.080078 0.076172
0 0.456543 0.074707 0.043945 0.043945
0 0.333984 0.078613 0.050781 0.043945
0 0.847656 0.071289 0.019531 0.019531
0 0.871094 0.070312 0.019531 0.019531
0 0.020508 0.085938 0.035156 0.046875
0 0.195801 0.084961 0.036133 0.033203
0 0.937988 0.089355 0.041992 0.040039
0 0.660156 0.108887 0.076172 0.075195
0 0.109863 0.102051 0.045898 0.047852
0 0.368652 0.106934 0.059570 0.051758
0 0.230957 0.113281 0.043945 0.044922
0 0.965332 0.113281 0.034180 0.037109
0 0.525391 0.126465 0.042969 0.038086
0 0.841797 0.133301 0.052734 0.051758
0 0.901855 0.119629 0.022461 0.022461
0 0.927734 0.115234 0.013672 0.013672
0 0.398438 0.137695 0.046875 0.044922
0 0.986328 0.135254 0.027344 0.036133
0 0.255371 0.148438 0.047852 0.041016
0 0.156738 0.149414 0.036133 0.039062
0 0.555176 0.154297 0.043945 0.041016
0 0.708496 0.162598 0.047852 0.051758
0 0.878906 0.165527 0.064453 0.057617
0 0.743652 0.151367 0.020508 0.019531
0 0.181152 0.176758 0.049805 0.046875
0 0.928711 0.191406 0.066406 0.072266
0 0.291992 0.174805 0.037109 0.033203
0 0.745605 0.188965 0.041992 0.059570
0 0.581055 0.190918 0.046875 0.053711
0 0.467285 0.191406 0.053711 0.050781
0 0.312500 0.204590 0.046875 0.055664
0 0.103027 0.203125 0.045898 0.046875
0 0.795898 0.199219 0.025391 0.025391
0 0.217285 0.210449 0.045898 0.043945
0 0.497070 0.213379 0.062500 0.051758
0 0.772949 0.222656 0.041992 0.039062
0 0.133301 0.230957 0.049805 0.047852
0 0.358398 0.231445 0.048828 0.039062
0 0.255859 0.239746 0.058594 0.049805
0 0.644531 0.243164 0.037109 0.046875
0 0.167480 0.255371 0.041992 0.041992
0 0.533691 0.255859 0.051758 0.039062
0 0.390137 0.261719 0.041992 0.044922
0 0.303711 0.279785 0.078125 0.079102
0 0.685547 0.274414 0.052734 0.048828
0 0.079590 0.269043 0.022461 0.034180
0 0.555664 0.278809 0.046875 0.053711
0 0.590332 0.266602 0.026367 0.027344
0 0.853027 0.284668 0.071289 0.053711
0 0.956543 0.284180 0.053711 0.052734
0 0.197754 0.284668 0.047852 0.047852
0 0.428223 0.290527 0.049805 0.041992
0 0.034180 0.298340 0.042969 0.051758
0 0.127930 0.307617 0.052734 0.054688
0 0.714844 0.305176 0.050781 0.051758
0 0.983398 0.307129 0.033203 0.041992
0 0.228516 0.313477 0.048828 0.048828
0 0.589355 0.311035 0.041992 0.043945
0 0.185547 0.320312 0.017578 0.017578
0 0.623047 0.336914 0.044922 0.044922
0 0.930664 0.336426 0.041016 0.038086
0 0.261719 0.341309 0.046875 0.045898
0 0.362793 0.338867 0.038086 0.037109
0 0.662598 0.352051 0.053711 0.061523
0 0.168457 0.350586 0.049805 0.056641
0 0.783691 0.357910 0.047852 0.045898
0 0.973145 0.354980 0.034180 0.032227
0 0.398438 0.364258 0.048828 0.041016
0 0.291016 0.368652 0.050781 0.045898
0 0.900391 0.373047 0.048828 0.054688
0 0.525879 0.383789 0.045898 0.041016
0 0.683594 0.389648 0.041016 0.050781
0 0.223633 0.393066 0.056641 0.053711
0 0.957031 0.393555 0.054688 0.048828
0 0.052246 0.395996 0.049805 0.043945
0 0.326660 0.398438 0.045898 0.041016
0 0.434570 0.400879 0.044922 0.040039
0 0.561523 0.412109 0.048828 0.056641
0 0.980957 0.419922 0.038086 0.052734
0 0.105469 0.423828 0.054688 0.052734
0 0.745605 0.408203 0.022461 0.023438
0 0.470703 0.425293 0.052734 0.051758
0 0.358398 0.427734 0.050781 0.048828
0 0.716797 0.425293 0.039062 0.041992
0 0.852539 0.437012 0.048828 0.047852
0 0.016602 0.444824 0.029297 0.047852
0 0.600586 0.460938 0.052734 0.072266
0 0.504395 0.458984 0.055664 0.050781
0 0.032715 0.472168 0.049805 0.073242
0 0.144043 0.470215 0.055664 0.061523
0 0.413574 0.470703 0.043945 0.039062
0 0.304688 0.477051 0.054688 0.041992
0 0.788086 0.481934 0.044922 0.051758
0 0.189941 0.499512 0.040039 0.047852
0 0.366699 0.516602 0.053711 0.070312
0 0.451172 0.508789 0.052734 0.052734
0 0.834961 0.507324 0.056641 0.047852
0 0.877930 0.525391 0.062500 0.054688
0 0.217773 0.524414 0.054688 0.044922
0 0.946289 0.546875 0.087891 0.082031
0 0.095215 0.534668 0.051758 0.047852
0 0.247070 0.550781 0.050781 0.052734
0 0.397949 0.554199 0.051758 0.051758
0 0.607422 0.554199 0.046875 0.045898
0 0.435547 0.571289 0.058594 0.046875
0 0.527832 0.575684 0.053711 0.051758
0 0.757324 0.588867 0.045898 0.042969
0 0.155273 0.589355 0.054688 0.041992
0 0.560059 0.608398 0.049805 0.054688
0 0.813477 0.606934 0.068359 0.053711
0 0.974609 0.608398 0.050781 0.054688
0 0.195312 0.611816 0.068359 0.055664
0 0.032715 0.610840 0.051758 0.047852
0 0.464844 0.619629 0.048828 0.047852
0 0.331055 0.628906 0.058594 0.058594
0 0.263672 0.629883 0.041016 0.041016
0 0.856445 0.636230 0.062500 0.051758
0 0.059082 0.638184 0.051758 0.051758
0 0.519043 0.625977 0.020508 0.021484
0 0.653809 0.642578 0.041992 0.041016
0 0.763672 0.633789 0.021484 0.021484
0 0.095703 0.662109 0.048828 0.048828
0 0.243652 0.660156 0.047852 0.041016
0 0.696289 0.669434 0.070312 0.049805
0 0.902832 0.675293 0.053711 0.057617
0 0.389648 0.678711 0.048828 0.052734
0 0.015625 0.666504 0.015625 0.016602
0 0.061523 0.680664 0.039062 0.041016
0 0.276367 0.690918 0.068359 0.043945
0 0.427246 0.708496 0.047852 0.051758
0 0.740234 0.713379 0.064453 0.059570
0 0.043945 0.720703 0.046875 0.041016
0 0.304199 0.715332 0.045898 0.032227
0 0.781250 0.736328 0.048828 0.064453
0 0.336426 0.752930 0.053711 0.042969
0 0.624512 0.759766 0.051758 0.046875
0 0.946777 0.754395 0.030273 0.032227
0 0.817383 0.783203 0.052734 0.082031
0 0.206055 0.767578 0.039062 0.042969
0 0.373535 0.773438 0.038086 0.044922
0 0.973145 0.793457 0.053711 0.059570
0 0.237305 0.793457 0.046875 0.055664
0 0.023926 0.797363 0.034180 0.041992
0 0.142578 0.803223 0.052734 0.049805
0 0.665527 0.807129 0.053711 0.040039
0 0.858887 0.828613 0.049805 0.055664
0 0.270508 0.826660 0.044922 0.043945
0 0.058594 0.842285 0.064453 0.065430
0 0.988281 0.832520 0.023438 0.026367
0 0.970215 0.828613 0.014648 0.014648
0 0.170410 0.849609 0.059570 0.048828
0 0.293457 0.852539 0.043945 0.054688
0 0.690430 0.846191 0.046875 0.041992
0 0.496582 0.866699 0.071289 0.071289
0 0.186523 0.878906 0.072266 0.068359
0 0.331543 0.873535 0.047852 0.051758
0 0.228516 0.862793 0.013672 0.012695
0 0.560059 0.893555 0.055664 0.072266
0 0.740234 0.879883 0.041016 0.044922
0 0.911133 0.879395 0.050781 0.043945
0 0.235840 0.879395 0.022461 0.020508
0 0.957031 0.895508 0.054688 0.052734
0 0.995117 0.886719 0.009766 0.019531
0 0.063477 0.909668 0.054688 0.055664
0 0.208984 0.922852 0.054688 0.050781
0 0.788086 0.924316 0.066406 0.049805
0 0.609863 0.932129 0.061523 0.057617
0 0.292480 0.919434 0.030273 0.030273
0 0.442871 0.931641 0.063477 0.052734
0 0.090820 0.962402 0.054688 0.071289
0 0.828613 0.955078 0.069336 0.058594
0 0.248535 0.949707 0.055664 0.043945
0 0.406250 0.954102 0.041016 0.042969
0 0.969238 0.961914 0.032227 0.048828
0 0.475098 0.974121 0.069336 0.051758
0 0.649902 0.978027 0.053711 0.043945
0 0.864258 0.985352 0.054688 0.029297
0 0.140625 0.990234 0.037109 0.019531
0 0.763184 0.993652 0.024414 0.012695
0 0.920898 0.994629 0.042969 0.010742
0 0.108887 0.995117 0.022461 0.009766
1 0.539062 0.021973 0.054688 0.043945
1 0.618652 0.047363 0.022461 0.024414
1 0.485840 0.100098 0.053711 0.043945
1 0.067383 0.171387 0.044922 0.038086
1 0.618652 0.222168 0.053711 0.065430
1 0.820312 0.259766 0.060547 0.046875
1 0.748535 0.331055 0.045898 0.052734
1 0.066406 0.499512 0.064453 0.051758
1 0.649414 0.500488 0.044922 0.049805
1 0.579102 0.525391 0.046875 0.044922
1 0.722656 0.560547 0.050781 0.042969
1 0.524414 0.664062 0.054688 0.044922
1 0.029297 0.698730 0.042969 0.043945
1 0.583008 0.729004 0.048828 0.045898
1 0.167969 0.741211 0.068359 0.056641
2 0.606934 0.081543 0.043945 0.041992
2 0.432617 0.163086 0.060547 0.060547
2 0.486328 0.544434 0.060547 0.057617
2 0.124512 0.556152 0.053711 0.043945
