0 0.061523 0.010742 0.027344 0.021484
0 0.770508 0.026367 0.013672 0.037109
0 0.857422 0.027832 0.033203 0.040039
0 0.957031 0.044434 0.082031 0.055664
0 0.955078 0.024414 0.011719 0.011719
0 0.798340 0.036621 0.024414 0.018555
0 0.340332 0.061523 0.047852 0.054688
0 0.590332 0.052734 0.045898 0.031250
0 0.036133 0.063965 0.029297 0.032227
0 0.839355 0.070801 0.045898 0.034180
0 0.785645 0.078125 0.032227 0.023438
0 0.294434 0.094727 0.049805 0.052734
0 0.578613 0.085938 0.038086 0.035156
0 0.962891 0.088867 0.031250 0.031250
0 0.024414 0.090820 0.029297 0.033203
0 0.835449 0.097656 0.036133 0.035156
0 0.778809 0.095703 0.036133 0.025391
0 0.687012 0.109375 0.067383 0.050781
0 0.716309 0.101562 0.036133 0.035156
0 0.346680 0.119629 0.050781 0.053711
0 0.458008 0.108887 0.046875 0.028320
0 0.017578 0.113281 0.033203 0.033203
0 0.667480 0.110352 0.032227 0.027344
0 0.768555 0.112793 0.029297 0.022461
0 0.571289 0.116699 0.029297 0.026367
0 0.829102 0.126953 0.044922 0.041016
0 0.450684 0.127441 0.047852 0.028320
0 0.940918 0.135254 0.043945 0.041992
0 0.554199 0.133789 0.045898 0.029297
0 0.656250 0.127441 0.021484 0.016602
0 0.767090 0.131348 0.026367 0.022461
0 0.013184 0.140137 0.026367 0.028320
0 0.654297 0.142090 0.031250 0.024414
0 0.991699 0.145996 0.016602 0.032227
0 0.520508 0.140625 0.013672 0.011719
0 0.815918 0.154297 0.040039 0.039062
0 0.912109 0.154785 0.039062 0.038086
0 0.112793 0.149902 0.026367 0.018555
0 0.645508 0.156738 0.037109 0.026367
0 0.550781 0.159180 0.031250 0.023438
0 0.432617 0.166016 0.041016 0.033203
0 0.261719 0.187988 0.060547 0.073242
0 0.636719 0.168457 0.037109 0.026367
0 0.981445 0.175781 0.037109 0.037109
0 0.788086 0.196289 0.066406 0.070312
0 0.902344 0.182129 0.041016 0.043945
0 0.428223 0.183105 0.040039 0.028320
0 0.630371 0.185059 0.036133 0.026367
0 0.297852 0.215820 0.062500 0.080078
0 0.486328 0.189941 0.025391 0.026367
0 0.730957 0.192383 0.034180 0.025391
0 0.422852 0.198242 0.048828 0.031250
0 0.974609 0.203125 0.044922 0.035156
0 0.076172 0.202148 0.037109 0.027344
0 0.524902 0.202637 0.038086 0.030273
0 0.623047 0.199707 0.033203 0.022461
0 0.886719 0.209473 0.046875 0.041992
0 0.662109 0.201660 0.027344 0.020508
0 0.722656 0.207031 0.033203 0.027344
0 0.121582 0.212402 0.040039 0.030273
0 0.612793 0.210449 0.036133 0.026367
0 0.402832 0.210449 0.024414 0.018555
0 0.483398 0.214844 0.013672 0.017578
0 0.917480 0.213379 0.016602 0.014648
0 0.963379 0.229492 0.043945 0.041016
0 0.715820 0.226074 0.035156 0.024414
0 0.511230 0.229004 0.036133 0.028320
0 0.868164 0.234375 0.035156 0.039062
0 0.589844 0.235352 0.031250 0.023438
0 0.705566 0.239258 0.036133 0.029297
0 0.215820 0.287109 0.095703 0.097656
0 0.587891 0.254883 0.042969 0.031250
0 0.751953 0.266602 0.044922 0.044922
0 0.855469 0.262695 0.033203 0.035156
0 0.389648 0.268555 0.052734 0.039062
0 0.726562 0.265625 0.019531 0.017578
0 0.917480 0.292969 0.071289 0.068359
0 0.270508 0.303223 0.060547 0.081055
0 0.587402 0.272461 0.032227 0.021484
0 0.876465 0.276367 0.022461 0.027344
0 0.852539 0.292969 0.048828 0.044922
0 0.574707 0.297363 0.040039 0.049805
0 0.894531 0.283203 0.011719 0.013672
0 0.619141 0.298340 0.039062 0.034180
0 0.744629 0.301758 0.034180 0.035156
0 0.472656 0.310547 0.039062 0.037109
0 0.711426 0.299316 0.018555 0.016602
0 0.582031 0.312988 0.023438 0.032227
0 0.701660 0.312988 0.022461 0.022461
0 0.989746 0.333008 0.020508 0.060547
0 0.838867 0.324707 0.042969 0.040039
0 0.357910 0.323242 0.049805 0.033203
0 0.907227 0.332031 0.042969 0.042969
0 0.721680 0.332520 0.035156 0.034180
0 0.457031 0.342773 0.037109 0.029297
0 0.829102 0.350098 0.046875 0.040039
0 0.352051 0.352051 0.047852 0.028320
0 0.654297 0.353027 0.031250 0.030273
0 0.542969 0.356934 0.023438 0.034180
0 0.893555 0.359375 0.042969 0.039062
0 0.691895 0.378906 0.061523 0.070312
0 0.558105 0.365723 0.024414 0.036133
0 0.640625 0.370117 0.025391 0.035156
0 0.806152 0.377930 0.040039 0.041016
0 0.591797 0.377930 0.025391 0.029297
0 0.869141 0.400879 0.062500 0.063477
0 0.138184 0.381836 0.022461 0.019531
0 0.156250 0.382812 0.015625 0.015625
0 0.529785 0.397461 0.032227 0.035156
0 0.973633 0.400391 0.046875 0.042969
0 0.566406 0.401367 0.019531 0.017578
0 0.959473 0.424805 0.051758 0.039062
0 0.682617 0.421875 0.033203 0.031250
0 0.422852 0.425781 0.033203 0.031250
0 0.779297 0.436035 0.058594 0.040039
0 0.293945 0.463867 0.072266 0.091797
0 0.402344 0.444336 0.041016 0.035156
0 0.132812 0.476562 0.095703 0.089844
0 0.658691 0.450195 0.036133 0.037109
0 0.501465 0.450684 0.030273 0.026367
0 0.834961 0.463867 0.048828 0.042969
0 0.755859 0.462891 0.033203 0.033203
0 0.486328 0.476074 0.031250 0.028320
0 0.649414 0.482910 0.041016 0.034180
0 0.583008 0.486816 0.029297 0.032227
0 0.823242 0.491699 0.041016 0.038086
0 0.742188 0.492676 0.033203 0.032227
0 0.375488 0.501953 0.045898 0.044922
0 0.636230 0.511719 0.034180 0.035156
0 0.810547 0.517578 0.044922 0.037109
0 0.516602 0.526367 0.080078 0.039062
0 0.362793 0.523438 0.030273 0.027344
0 0.903809 0.534668 0.051758 0.047852
0 0.010254 0.536621 0.014648 0.028320
0 0.992188 0.539551 0.015625 0.032227
0 0.028809 0.541504 0.032227 0.032227
0 0.791992 0.545410 0.050781 0.038086
0 0.709961 0.547852 0.037109 0.039062
0 0.560547 0.543945 0.025391 0.027344
0 0.750000 0.539062 0.017578 0.019531
0 0.341797 0.550293 0.037109 0.038086
0 0.889160 0.558105 0.051758 0.043945
0 0.597656 0.565918 0.046875 0.034180
0 0.984863 0.569336 0.030273 0.039062
0 0.020508 0.562988 0.027344 0.024414
0 0.082520 0.567871 0.032227 0.032227
0 0.319336 0.562988 0.013672 0.010742
0 0.695801 0.573242 0.036133 0.033203
0 0.783691 0.575195 0.040039 0.035156
0 0.878906 0.587891 0.056641 0.048828
0 0.109863 0.582031 0.032227 0.031250
0 0.338379 0.584961 0.032227 0.029297
0 0.137207 0.593262 0.032227 0.032227
0 0.457031 0.592773 0.039062 0.031250
0 0.585938 0.592773 0.031250 0.033203
0 0.541504 0.591309 0.016602 0.012695
0 0.560547 0.590820 0.013672 0.011719
0 0.684082 0.602051 0.034180 0.034180
0 0.086426 0.604980 0.040039 0.034180
0 0.862305 0.611328 0.052734 0.042969
0 0.979980 0.616699 0.040039 0.053711
0 0.554199 0.599609 0.012695 0.013672
0 0.269531 0.606445 0.023438 0.025391
0 0.311035 0.617188 0.045898 0.046875
0 0.420410 0.623535 0.028320 0.034180
0 0.515625 0.624023 0.031250 0.029297
0 0.670410 0.629395 0.040039 0.040039
0 0.849121 0.636230 0.049805 0.040039
0 0.957520 0.648438 0.051758 0.042969
0 0.060547 0.650879 0.039062 0.041992
0 0.564941 0.645508 0.030273 0.029297
0 0.535156 0.643066 0.013672 0.012695
0 0.656738 0.660156 0.036133 0.037109
0 0.833984 0.662109 0.048828 0.042969
0 0.417480 0.669922 0.071289 0.052734
0 0.692871 0.651855 0.014648 0.014648
0 0.683105 0.666992 0.022461 0.023438
0 0.285645 0.670898 0.034180 0.027344
0 0.547363 0.672852 0.036133 0.031250
0 0.937012 0.680176 0.043945 0.040039
0 0.641602 0.686035 0.033203 0.038086
0 0.045898 0.687500 0.031250 0.033203
0 0.479004 0.704590 0.041992 0.043945
0 0.532715 0.700684 0.036133 0.038086
0 0.079102 0.693359 0.017578 0.017578
0 0.392090 0.701660 0.034180 0.034180
0 0.507812 0.697266 0.013672 0.013672
0 0.931152 0.719727 0.049805 0.058594
0 0.626953 0.713379 0.033203 0.032227
0 0.029297 0.716797 0.027344 0.029297
0 0.263184 0.717773 0.034180 0.033203
0 0.212891 0.710449 0.015625 0.012695
0 0.364258 0.728027 0.033203 0.038086
0 0.520020 0.727051 0.040039 0.036133
0 0.056641 0.717285 0.017578 0.012695
0 0.614746 0.740723 0.043945 0.038086
0 0.796875 0.743164 0.056641 0.042969
0 0.486328 0.738281 0.015625 0.015625
0 0.234863 0.748047 0.036133 0.029297
0 0.661621 0.740234 0.012695 0.015625
0 0.013672 0.751953 0.027344 0.031250
0 0.389160 0.746094 0.016602 0.019531
0 0.505859 0.752441 0.037109 0.032227
0 0.348633 0.756348 0.041016 0.036133
0 0.146973 0.751953 0.018555 0.017578
0 0.642090 0.751465 0.016602 0.018555
0 0.051758 0.754883 0.017578 0.013672
0 0.784180 0.769531 0.052734 0.039062
0 0.422363 0.760742 0.018555 0.017578
0 0.601562 0.770996 0.039062 0.036133
0 0.129883 0.774902 0.033203 0.032227
0 0.488770 0.781738 0.045898 0.041992
0 0.207031 0.783203 0.052734 0.037109
0 0.398438 0.777344 0.025391 0.027344
0 0.878418 0.788086 0.038086 0.044922
0 0.955078 0.790039 0.037109 0.044922
0 0.769043 0.796387 0.047852 0.047852
0 0.592285 0.798828 0.043945 0.041016
0 0.327637 0.812012 0.057617 0.049805
0 0.197754 0.805664 0.028320 0.025391
0 0.984375 0.811035 0.031250 0.034180
0 0.756348 0.819824 0.055664 0.034180
0 0.196777 0.825195 0.043945 0.035156
0 0.569336 0.832031 0.037109 0.039062
0 0.464355 0.837891 0.040039 0.041016
0 0.969238 0.838379 0.053711 0.041992
0 0.633789 0.844727 0.042969 0.037109
0 0.739258 0.848145 0.052734 0.041992
0 0.842773 0.848633 0.039062 0.035156
0 0.331543 0.856934 0.051758 0.038086
0 0.887695 0.848145 0.017578 0.018555
0 0.936523 0.848633 0.023438 0.017578
0 0.552734 0.862305 0.033203 0.039062
0 0.175781 0.864258 0.044922 0.039062
0 0.447266 0.866211 0.044922 0.037109
0 0.618652 0.867188 0.038086 0.033203
0 0.952637 0.877441 0.043945 0.038086
0 0.866211 0.875977 0.029297 0.025391
0 0.131348 0.875488 0.020508 0.018555
0 0.836914 0.891602 0.050781 0.046875
0 0.435547 0.889648 0.042969 0.037109
0 0.548340 0.890625 0.051758 0.037109
0 0.572266 0.882812 0.017578 0.017578
0 0.176270 0.893555 0.032227 0.035156
0 0.396973 0.880371 0.012695 0.010742
0 0.333008 0.902832 0.060547 0.047852
0 0.933105 0.903809 0.040039 0.043945
0 0.599609 0.904785 0.039062 0.032227
0 0.404785 0.899902 0.012695 0.012695
0 0.424805 0.917969 0.041016 0.039062
0 0.115723 0.916992 0.036133 0.033203
0 0.529785 0.920898 0.040039 0.039062
0 0.815918 0.920898 0.051758 0.037109
0 0.606445 0.936523 0.054688 0.046875
0 0.923340 0.937500 0.041992 0.037109
0 0.388672 0.932129 0.015625 0.018555
0 0.796387 0.948242 0.045898 0.041016
0 0.410156 0.948730 0.035156 0.036133
0 0.629883 0.956543 0.050781 0.047852
0 0.672363 0.970215 0.069336 0.059570
0 0.113281 0.970215 0.070312 0.045898
0 0.906250 0.966797 0.035156 0.035156
0 0.386719 0.973145 0.050781 0.040039
0 0.497559 0.977539 0.041992 0.041016
0 0.780762 0.974121 0.043945 0.034180
0 0.990234 0.980957 0.019531 0.034180
0 0.583496 0.986328 0.028320 0.027344
0 0.361816 0.983887 0.012695 0.014648
0 0.764160 0.989258 0.038086 0.021484
0 0.890625 0.989258 0.039062 0.021484
0 0.235840 0.990234 0.038086 0.019531
0 0.381348 0.992676 0.038086 0.014648
0 0.477051 0.995605 0.020508 0.008789
1 0.735840 0.024902 0.010742 0.036133
1 0.894531 0.024902 0.029297 0.026367
1 0.048828 0.035645 0.029297 0.032227
1 0.538574 0.181641 0.032227 0.027344
1 0.774414 0.242188 0.039062 0.041016
1 0.947266 0.255371 0.035156 0.036133
1 0.980957 0.371094 0.038086 0.039062
1 0.788574 0.403809 0.041992 0.040039
1 0.850098 0.434082 0.041992 0.032227
1 0.940918 0.452637 0.041992 0.034180
1 0.937988 0.476074 0.051758 0.034180
1 0.390625 0.478516 0.037109 0.033203
1 0.921387 0.501953 0.055664 0.035156
1 0.726562 0.521973 0.041016 0.036133
1 0.614258 0.535645 0.054688 0.047852
1 0.485352 0.576172 0.050781 0.052734
1 0.568848 0.618164 0.036133 0.031250
1 0.750000 0.625488 0.046875 0.041992
1 0.743164 0.655273 0.035156 0.035156
1 0.723633 0.679688 0.046875 0.042969
1 0.818848 0.690430 0.045898 0.044922
1 0.811035 0.718262 0.047852 0.043945
1 0.988281 0.732910 0.023438 0.043945
1 0.697754 0.736816 0.038086 0.036133
1 0.681152 0.761230 0.045898 0.040039
1 0.665527 0.787109 0.047852 0.042969
1 0.654297 0.816406 0.041016 0.041016
1 0.860352 0.819336 0.042969 0.041016
1 0.728027 0.872559 0.057617 0.038086
1 0.712402 0.901367 0.043945 0.039062
2 0.604492 0.225586 0.044922 0.031250
2 0.770020 0.602539 0.038086 0.031250
2 0.707520 0.706543 0.045898 0.041992
2 0.896484 0.755859 0.046875 0.042969
2 0.474121 0.808594 0.047852 0.033203
