0 0.568359 0.018066 0.031250 0.030273
0 0.263672 0.027832 0.050781 0.041992
0 0.829102 0.016602 0.027344 0.019531
0 0.932617 0.017578 0.037109 0.021484
0 0.858398 0.020508 0.021484 0.025391
0 0.966309 0.015137 0.016602 0.014648
0 0.742676 0.024414 0.028320 0.027344
0 0.187500 0.028809 0.035156 0.030273
0 0.452148 0.028320 0.015625 0.015625
0 0.657227 0.036133 0.033203 0.027344
0 0.823730 0.041016 0.034180 0.029297
0 0.927734 0.040039 0.039062 0.027344
0 0.703613 0.040527 0.008789 0.014648
0 0.319336 0.051758 0.033203 0.031250
0 0.990723 0.052734 0.018555 0.033203
0 0.735840 0.052734 0.028320 0.029297
0 0.405273 0.062500 0.039062 0.044922
0 0.447266 0.066406 0.044922 0.033203
0 0.649902 0.066406 0.034180 0.035156
0 0.678223 0.053223 0.010742 0.008789
0 0.919922 0.067383 0.035156 0.031250
0 0.490234 0.074707 0.042969 0.038086
0 0.847656 0.069336 0.017578 0.015625
0 0.954590 0.079590 0.024414 0.028320
0 0.733887 0.084473 0.022461 0.034180
0 0.918457 0.096680 0.043945 0.031250
0 0.554199 0.100586 0.032227 0.035156
0 0.807617 0.100586 0.031250 0.033203
0 0.172852 0.107910 0.044922 0.043945
0 0.206543 0.116211 0.028320 0.046875
0 0.693848 0.103516 0.018555 0.017578
0 0.841797 0.103516 0.017578 0.017578
0 0.969238 0.104492 0.020508 0.021484
0 0.277344 0.129395 0.025391 0.055664
0 0.989746 0.115723 0.020508 0.028320
0 0.643066 0.127930 0.041992 0.031250
0 0.911621 0.128418 0.041992 0.032227
0 0.400391 0.141602 0.048828 0.035156
0 0.832520 0.128418 0.014648 0.010742
0 0.800293 0.150879 0.038086 0.051758
0 0.714844 0.143555 0.035156 0.031250
0 0.178223 0.196289 0.045898 0.109375
0 0.909180 0.156250 0.044922 0.029297
0 0.635254 0.173828 0.049805 0.056641
0 0.831543 0.163086 0.012695 0.015625
0 0.955566 0.166504 0.018555 0.022461
0 0.215820 0.165039 0.011719 0.017578
0 0.501953 0.168457 0.015625 0.018555
0 0.708984 0.173340 0.041016 0.030273
0 0.441406 0.185059 0.027344 0.047852
0 0.394043 0.178711 0.051758 0.031250
0 0.981934 0.176270 0.036133 0.028320
0 0.470215 0.192871 0.030273 0.049805
0 0.043945 0.196289 0.027344 0.052734
0 0.790527 0.189941 0.028320 0.028320
0 0.496582 0.187012 0.016602 0.018555
0 0.535156 0.200684 0.029297 0.028320
0 0.817871 0.196289 0.020508 0.019531
0 0.617188 0.216309 0.031250 0.028320
0 0.902344 0.217773 0.064453 0.029297
0 0.793945 0.231934 0.054688 0.053711
0 0.524414 0.229004 0.033203 0.030273
0 0.696777 0.230957 0.034180 0.032227
0 0.886719 0.243164 0.039062 0.029297
0 0.616211 0.245117 0.046875 0.029297
0 0.775879 0.248047 0.028320 0.029297
0 0.375000 0.249023 0.046875 0.029297
0 0.518066 0.257324 0.032227 0.028320
0 0.427734 0.270996 0.029297 0.049805
0 0.877441 0.274414 0.040039 0.031250
0 0.770996 0.277344 0.032227 0.031250
0 0.371094 0.281250 0.052734 0.035156
0 0.509766 0.282227 0.037109 0.027344
0 0.640137 0.277832 0.012695 0.020508
0 0.798340 0.288574 0.024414 0.022461
0 0.648926 0.290527 0.008789 0.012695
0 0.872070 0.304199 0.041016 0.036133
0 0.766602 0.305664 0.039062 0.033203
0 0.592773 0.307129 0.025391 0.026367
0 0.510254 0.309082 0.036133 0.026367
0 0.629395 0.302246 0.016602 0.010742
0 0.950195 0.322754 0.042969 0.030273
0 0.191895 0.333008 0.040039 0.042969
0 0.870605 0.334961 0.047852 0.037109
0 0.353516 0.348145 0.044922 0.026367
0 0.617676 0.343750 0.016602 0.017578
0 0.219238 0.346191 0.016602 0.018555
0 0.950195 0.352539 0.035156 0.029297
0 0.247559 0.359863 0.045898 0.030273
0 0.383789 0.352539 0.015625 0.015625
0 0.864258 0.360840 0.048828 0.030273
0 0.346191 0.375488 0.034180 0.028320
0 0.404297 0.381348 0.027344 0.040039
0 0.489258 0.379395 0.041016 0.036133
0 0.428223 0.385254 0.026367 0.041992
0 0.239746 0.388672 0.043945 0.029297
0 0.892090 0.377441 0.010742 0.008789
0 0.574219 0.394043 0.029297 0.026367
0 0.373535 0.393555 0.014648 0.011719
0 0.935547 0.409180 0.039062 0.035156
0 0.337891 0.409180 0.046875 0.033203
0 0.203613 0.403320 0.010742 0.013672
0 0.488770 0.408203 0.036133 0.023438
0 0.645020 0.416504 0.028320 0.038086
0 0.233887 0.416992 0.041992 0.033203
0 0.420898 0.423340 0.035156 0.038086
0 0.848145 0.420898 0.036133 0.031250
0 0.569824 0.425781 0.032227 0.035156
0 0.169922 0.438965 0.041016 0.043945
0 0.901367 0.426758 0.017578 0.017578
0 0.742676 0.432617 0.041992 0.025391
0 0.210449 0.448730 0.040039 0.049805
0 0.479492 0.436035 0.037109 0.022461
0 0.931641 0.437988 0.039062 0.028320
0 0.620605 0.439453 0.018555 0.019531
0 0.110840 0.447266 0.043945 0.025391
0 0.469238 0.466309 0.040039 0.030273
0 0.633789 0.466309 0.027344 0.026367
0 0.244629 0.470215 0.018555 0.016602
0 0.323242 0.484375 0.052734 0.046875
0 0.587402 0.467285 0.008789 0.010742
0 0.602539 0.467773 0.007812 0.011719
0 0.562988 0.479004 0.030273 0.024414
0 0.377441 0.490234 0.034180 0.042969
0 0.723145 0.485352 0.034180 0.029297
0 0.621094 0.494141 0.013672 0.011719
0 0.641113 0.503906 0.034180 0.029297
0 0.821777 0.502930 0.026367 0.029297
0 0.458496 0.513184 0.045898 0.041992
0 0.993652 0.515137 0.012695 0.024414
0 0.877441 0.519043 0.016602 0.026367
0 0.854492 0.518555 0.025391 0.017578
0 0.631348 0.531738 0.040039 0.034180
0 0.988281 0.543457 0.023438 0.030273
0 0.547363 0.545898 0.034180 0.027344
0 0.723633 0.547363 0.048828 0.030273
0 0.576660 0.539062 0.016602 0.011719
0 0.905762 0.553223 0.041992 0.032227
0 0.121094 0.597168 0.119141 0.098633
0 0.636719 0.562500 0.025391 0.029297
0 0.545898 0.576172 0.033203 0.031250
0 0.623535 0.591309 0.032227 0.032227
0 0.800781 0.592773 0.033203 0.025391
0 0.706055 0.610840 0.044922 0.034180
0 0.846191 0.603516 0.014648 0.019531
0 0.889160 0.613281 0.047852 0.033203
0 0.595215 0.614258 0.034180 0.031250
0 0.799316 0.620605 0.030273 0.030273
0 0.838867 0.626953 0.019531 0.025391
0 0.569336 0.620605 0.009766 0.010742
0 0.734375 0.622070 0.007812 0.013672
0 0.976074 0.645996 0.038086 0.057617
0 0.527832 0.635254 0.032227 0.024414
0 0.713379 0.639160 0.041992 0.024414
0 0.854004 0.644043 0.014648 0.014648
0 0.609863 0.666016 0.032227 0.050781
0 0.796387 0.659668 0.032227 0.032227
0 0.830078 0.658203 0.023438 0.027344
0 0.518555 0.662598 0.027344 0.026367
0 0.716309 0.661133 0.016602 0.011719
0 0.686523 0.669922 0.033203 0.027344
0 0.882324 0.671875 0.028320 0.031250
0 0.551270 0.678223 0.014648 0.016602
0 0.842285 0.687500 0.016602 0.021484
0 0.513184 0.694336 0.030273 0.023438
0 0.961426 0.691895 0.018555 0.020508
0 0.680664 0.697266 0.031250 0.025391
0 0.874512 0.701660 0.036133 0.028320
0 0.596191 0.708008 0.038086 0.033203
0 0.789062 0.710938 0.041016 0.033203
0 0.509277 0.722168 0.036133 0.024414
0 0.853027 0.741699 0.065430 0.057617
0 0.994141 0.721191 0.011719 0.016602
0 0.782715 0.739258 0.038086 0.035156
0 0.703613 0.735840 0.016602 0.020508
0 0.045898 0.753418 0.041016 0.049805
0 0.589355 0.738770 0.034180 0.020508
0 0.166504 0.745117 0.043945 0.027344
0 0.104980 0.753906 0.032227 0.042969
0 0.510742 0.749023 0.052734 0.029297
0 0.959473 0.752441 0.036133 0.034180
0 0.670898 0.756348 0.037109 0.028320
0 0.298828 0.773926 0.121094 0.045898
0 0.813477 0.755859 0.011719 0.011719
0 0.585938 0.770020 0.037109 0.026367
0 0.772461 0.770996 0.029297 0.024414
0 0.806152 0.770996 0.020508 0.018555
0 0.695312 0.769043 0.011719 0.008789
0 0.391113 0.808105 0.077148 0.065430
0 0.247070 0.795410 0.039062 0.036133
0 0.940918 0.800781 0.032227 0.027344
0 0.145996 0.803711 0.040039 0.027344
0 0.321289 0.822754 0.060547 0.063477
0 0.494141 0.811523 0.033203 0.029297
0 0.279297 0.808105 0.017578 0.016602
0 0.523926 0.817871 0.024414 0.028320
0 0.028320 0.837891 0.027344 0.058594
0 0.772949 0.831055 0.057617 0.039062
0 0.974609 0.819824 0.015625 0.018555
0 0.538574 0.822266 0.012695 0.013672
0 0.142090 0.833984 0.049805 0.033203
0 0.989746 0.825195 0.010742 0.013672
0 0.568848 0.833496 0.026367 0.026367
0 0.944824 0.852051 0.051758 0.057617
0 0.488281 0.844727 0.039062 0.039062
0 0.081055 0.858887 0.039062 0.055664
0 0.985840 0.835938 0.010742 0.009766
0 0.649414 0.846191 0.021484 0.028320
0 0.684570 0.848145 0.015625 0.016602
0 0.356934 0.872559 0.024414 0.020508
0 0.784668 0.872070 0.022461 0.019531
0 0.835449 0.874512 0.030273 0.024414
0 0.479980 0.875977 0.036133 0.025391
0 0.560059 0.889648 0.032227 0.031250
0 0.770508 0.887695 0.042969 0.029297
0 0.332520 0.883301 0.010742 0.010742
0 0.384766 0.888672 0.035156 0.023438
0 0.934082 0.896973 0.049805 0.038086
0 0.311523 0.906250 0.044922 0.037109
0 0.801758 0.896973 0.019531 0.020508
0 0.477539 0.902344 0.037109 0.025391
0 0.838379 0.905762 0.024414 0.032227
0 0.225586 0.910156 0.039062 0.029297
0 0.638672 0.908203 0.025391 0.027344
0 0.381836 0.912109 0.031250 0.023438
0 0.755859 0.919922 0.060547 0.037109
0 0.924805 0.927246 0.046875 0.040039
0 0.547363 0.920898 0.036133 0.025391
0 0.472656 0.935059 0.044922 0.028320
0 0.994141 0.939453 0.011719 0.031250
0 0.634277 0.939941 0.030273 0.028320
0 0.661621 0.947754 0.018555 0.022461
0 0.545410 0.951660 0.028320 0.024414
0 0.512207 0.952637 0.012695 0.012695
0 0.115234 0.975586 0.054688 0.048828
0 0.630371 0.965820 0.038086 0.025391
0 0.732910 0.973145 0.043945 0.034180
0 0.215332 0.971680 0.030273 0.021484
0 0.248535 0.978516 0.014648 0.017578
0 0.771973 0.984863 0.034180 0.028320
0 0.509277 0.983887 0.018555 0.014648
0 0.814453 0.988281 0.033203 0.023438
0 0.272949 0.990723 0.028320 0.018555
0 0.452637 0.990234 0.032227 0.019531
0 0.620605 0.992676 0.034180 0.014648
0 0.305176 0.994141 0.022461 0.011719
0 0.726074 0.994141 0.032227 0.011719
0 0.218262 0.996094 0.028320 0.007812
1 0.818359 0.069824 0.041016 0.028320
1 0.722656 0.116211 0.027344 0.025391
1 0.307129 0.139160 0.036133 0.053711
1 0.988770 0.145996 0.022461 0.030273
1 0.537598 0.166016 0.041992 0.023438
1 0.384766 0.210449 0.044922 0.034180
1 0.691406 0.261230 0.031250 0.036133
1 0.954590 0.263672 0.065430 0.035156
1 0.598145 0.273438 0.026367 0.027344
1 0.683594 0.291504 0.029297 0.028320
1 0.677734 0.318359 0.031250 0.029297
1 0.252441 0.329102 0.045898 0.035156
1 0.592285 0.328613 0.030273 0.020508
1 0.764160 0.346680 0.036133 0.044922
1 0.674805 0.350098 0.033203 0.030273
1 0.946289 0.379883 0.029297 0.033203
1 0.332520 0.438477 0.036133 0.035156
1 0.566895 0.454590 0.028320 0.028320
1 0.728516 0.521484 0.042969 0.033203
1 0.914062 0.520508 0.042969 0.033203
1 0.838379 0.540527 0.038086 0.028320
1 0.717285 0.577148 0.047852 0.033203
1 0.536621 0.604004 0.040039 0.030273
1 0.886719 0.640625 0.037109 0.031250
1 0.153320 0.774414 0.046875 0.029297
1 0.246582 0.822266 0.032227 0.025391
1 0.146484 0.862305 0.033203 0.025391
1 0.656738 0.882812 0.055664 0.031250
1 0.458984 0.963379 0.027344 0.026367
1 0.990234 0.966309 0.019531 0.022461
1 0.535645 0.978516 0.030273 0.025391
2 0.041504 0.111328 0.055664 0.115234
2 0.558105 0.069824 0.026367 0.026367
2 0.993164 0.083984 0.013672 0.025391
2 0.647461 0.097656 0.041016 0.029297
2 0.965332 0.231445 0.061523 0.037109
2 0.454590 0.274414 0.034180 0.042969
2 0.124512 0.311523 0.024414 0.044922
2 0.120117 0.356934 0.046875 0.045898
2 0.855469 0.392090 0.037109 0.034180
2 0.736328 0.456543 0.019531 0.026367
2 0.916992 0.474609 0.033203 0.039062
2 0.836914 0.477051 0.042969 0.032227
2 0.408691 0.496582 0.028320 0.036133
2 0.672852 0.785645 0.054688 0.028320
2 0.846191 0.842285 0.030273 0.028320
2 0.965332 0.925293 0.010742 0.012695
