0 0.019043 0.023438 0.024414 0.033203
0 0.495605 0.026855 0.040039 0.040039
0 0.475586 0.049805 0.039062 0.037109
0 0.572754 0.091797 0.088867 0.078125
0 0.411621 0.121582 0.045898 0.036133
0 0.625488 0.125977 0.038086 0.042969
0 0.105469 0.129883 0.044922 0.041016
0 0.498047 0.131836 0.035156 0.037109
0 0.018555 0.139160 0.025391 0.040039
0 0.642578 0.146484 0.046875 0.044922
0 0.395508 0.146973 0.035156 0.036133
0 0.033203 0.156250 0.035156 0.042969
0 0.676758 0.168457 0.056641 0.047852
0 0.149902 0.166992 0.041992 0.039062
0 0.368652 0.166504 0.041992 0.034180
0 0.488770 0.161621 0.012695 0.014648
0 0.458496 0.183105 0.043945 0.043945
0 0.556152 0.188477 0.053711 0.054688
0 0.699219 0.188965 0.039062 0.045898
0 0.126465 0.190430 0.040039 0.039062
0 0.235352 0.191895 0.041016 0.038086
0 0.355469 0.189453 0.033203 0.031250
0 0.587402 0.215820 0.040039 0.046875
0 0.104004 0.216797 0.036133 0.042969
0 0.218262 0.214844 0.040039 0.035156
0 0.740234 0.229980 0.041016 0.045898
0 0.503906 0.228516 0.039062 0.037109
0 0.612793 0.237793 0.036133 0.038086
0 0.314941 0.240234 0.036133 0.035156
0 0.084961 0.243164 0.041016 0.037109
0 0.529785 0.246094 0.045898 0.042969
0 0.768555 0.247559 0.037109 0.045898
0 0.633789 0.256348 0.039062 0.038086
0 0.062988 0.265625 0.043945 0.039062
0 0.172852 0.267090 0.039062 0.041992
0 0.550781 0.267090 0.039062 0.040039
0 0.574707 0.253418 0.012695 0.012695
0 0.787109 0.268066 0.037109 0.041992
0 0.289062 0.265625 0.041016 0.031250
0 0.391602 0.272949 0.046875 0.041992
0 0.663574 0.277344 0.040039 0.035156
0 0.576172 0.284180 0.046875 0.044922
0 0.268066 0.287598 0.040039 0.032227
0 0.372070 0.294922 0.044922 0.042969
0 0.808105 0.292969 0.038086 0.037109
0 0.687500 0.292969 0.037109 0.033203
0 0.597656 0.303223 0.044922 0.043945
0 0.440918 0.311523 0.043945 0.041016
0 0.249512 0.311523 0.036133 0.033203
0 0.656738 0.308105 0.022461 0.018555
0 0.128906 0.318848 0.041016 0.036133
0 0.621094 0.322754 0.044922 0.043945
0 0.020508 0.329102 0.041016 0.046875
0 0.221680 0.334473 0.033203 0.032227
0 0.643066 0.341309 0.045898 0.043945
0 0.732910 0.339355 0.043945 0.041992
0 0.424316 0.340820 0.036133 0.037109
0 0.515625 0.343750 0.041016 0.037109
0 0.895508 0.332031 0.015625 0.015625
0 0.109375 0.344727 0.044922 0.035156
0 0.755859 0.358398 0.041016 0.042969
0 0.209961 0.358887 0.039062 0.036133
0 0.399414 0.361816 0.039062 0.040039
0 0.535645 0.367188 0.043945 0.042969
0 0.306641 0.366699 0.037109 0.038086
0 0.087402 0.368652 0.038086 0.038086
0 0.783691 0.375488 0.038086 0.034180
0 0.185547 0.381348 0.046875 0.040039
0 0.560059 0.385742 0.041992 0.044922
0 0.684082 0.382324 0.036133 0.036133
0 0.732910 0.370117 0.012695 0.011719
0 0.906738 0.381836 0.036133 0.035156
0 0.505371 0.371582 0.012695 0.012695
0 0.381836 0.387207 0.035156 0.036133
0 0.472168 0.391602 0.040039 0.044922
0 0.067383 0.392578 0.041016 0.037109
0 0.711914 0.399414 0.044922 0.046875
0 0.584473 0.406738 0.040039 0.045898
0 0.356934 0.408203 0.045898 0.041016
0 0.164062 0.407715 0.039062 0.032227
0 0.498047 0.413086 0.042969 0.042969
0 0.961914 0.419922 0.042969 0.042969
0 0.731445 0.420410 0.039062 0.038086
0 0.831543 0.422852 0.043945 0.035156
0 0.612793 0.424316 0.036133 0.032227
0 0.758301 0.436035 0.038086 0.041992
0 0.338379 0.437012 0.036133 0.040039
0 0.518555 0.437012 0.039062 0.036133
0 0.857910 0.439453 0.040039 0.035156
0 0.982910 0.448242 0.034180 0.050781
0 0.246094 0.443848 0.044922 0.040039
0 0.634277 0.448242 0.040039 0.042969
0 0.125488 0.452637 0.043945 0.040039
0 0.314453 0.457520 0.044922 0.041992
0 0.431152 0.458496 0.041992 0.036133
0 0.541992 0.457520 0.039062 0.036133
0 0.228516 0.465820 0.048828 0.039062
0 0.660156 0.463867 0.035156 0.033203
0 0.413574 0.478027 0.045898 0.040039
0 0.106934 0.478516 0.038086 0.037109
0 0.799805 0.479492 0.042969 0.039062
0 0.567871 0.479004 0.036133 0.036133
0 0.605469 0.505371 0.060547 0.061523
0 0.465820 0.496094 0.035156 0.037109
0 0.646484 0.487793 0.023438 0.022461
0 0.295410 0.495605 0.036133 0.032227
0 0.822754 0.499512 0.038086 0.036133
0 0.926270 0.502441 0.036133 0.040039
0 0.848145 0.513672 0.045898 0.037109
0 0.727539 0.518066 0.044922 0.036133
0 0.380371 0.523438 0.040039 0.037109
0 0.177734 0.537109 0.062500 0.058594
0 0.913574 0.521973 0.020508 0.022461
0 0.515625 0.538086 0.035156 0.037109
0 0.752930 0.528809 0.017578 0.016602
0 0.868164 0.538574 0.039062 0.038086
0 0.975586 0.552246 0.046875 0.045898
0 0.044434 0.551758 0.036133 0.035156
0 0.562988 0.565430 0.040039 0.037109
0 0.214355 0.568848 0.038086 0.040039
0 0.026367 0.582031 0.039062 0.060547
0 0.447754 0.570312 0.038086 0.037109
0 0.318848 0.574219 0.043945 0.042969
0 0.916016 0.577148 0.039062 0.041016
0 0.544434 0.583008 0.043945 0.037109
0 0.668457 0.583984 0.045898 0.037109
0 0.114258 0.585938 0.039062 0.037109
0 0.236328 0.588379 0.035156 0.038086
0 0.343750 0.593262 0.041016 0.045898
0 0.469238 0.592285 0.038086 0.036133
0 0.647949 0.605957 0.045898 0.038086
0 0.959961 0.608398 0.044922 0.039062
0 0.523926 0.608887 0.043945 0.038086
0 0.294922 0.602051 0.019531 0.018555
0 0.372559 0.609375 0.034180 0.033203
0 0.131348 0.611328 0.032227 0.031250
0 0.486328 0.606445 0.015625 0.015625
0 0.325195 0.610352 0.021484 0.019531
0 0.684082 0.605957 0.012695 0.012695
0 0.172363 0.636719 0.059570 0.060547
0 0.104492 0.613770 0.013672 0.012695
0 0.283203 0.628418 0.039062 0.034180
0 0.506836 0.630371 0.042969 0.038086
0 0.084473 0.649414 0.067383 0.058594
0 0.313477 0.644043 0.042969 0.045898
0 0.609375 0.649902 0.044922 0.041992
0 0.417969 0.656738 0.042969 0.040039
0 0.644043 0.650391 0.012695 0.011719
0 0.208984 0.669922 0.033203 0.037109
0 0.332520 0.669434 0.040039 0.036133
0 0.441895 0.674805 0.041992 0.044922
0 0.588379 0.672363 0.038086 0.036133
0 0.116211 0.680664 0.037109 0.035156
0 0.574707 0.695312 0.038086 0.042969
0 0.469238 0.693359 0.038086 0.033203
0 0.021484 0.697266 0.029297 0.033203
0 0.418457 0.688965 0.012695 0.014648
0 0.139160 0.703125 0.034180 0.033203
0 0.249023 0.709473 0.054688 0.043945
0 0.611816 0.696289 0.014648 0.017578
0 0.378906 0.710449 0.035156 0.036133
0 0.038574 0.720215 0.032227 0.036133
0 0.168945 0.723145 0.037109 0.040039
0 0.427734 0.713867 0.019531 0.019531
0 0.557617 0.722168 0.037109 0.036133
0 0.989258 0.723145 0.021484 0.032227
0 0.202637 0.716309 0.014648 0.014648
0 0.064941 0.740723 0.038086 0.038086
0 0.975586 0.740723 0.039062 0.036133
0 0.191895 0.743652 0.038086 0.038086
0 0.522461 0.737793 0.029297 0.026367
0 0.302734 0.750000 0.033203 0.037109
0 0.094238 0.758789 0.034180 0.033203
0 0.952148 0.759277 0.037109 0.034180
0 0.217773 0.764648 0.037109 0.039062
0 0.351074 0.787109 0.088867 0.082031
0 0.037598 0.757324 0.012695 0.012695
0 0.455078 0.771973 0.039062 0.038086
0 0.115723 0.783203 0.038086 0.039062
0 0.916992 0.795410 0.060547 0.055664
0 0.237793 0.787598 0.034180 0.034180
0 0.030273 0.789551 0.035156 0.036133
0 0.306152 0.788574 0.012695 0.012695
0 0.046875 0.804199 0.035156 0.036133
0 0.093750 0.795410 0.017578 0.018555
0 0.266602 0.807129 0.037109 0.040039
0 0.315918 0.796875 0.012695 0.011719
0 0.939453 0.805176 0.013672 0.014648
0 0.290039 0.828613 0.039062 0.038086
0 0.882324 0.827637 0.040039 0.038086
0 0.393066 0.831055 0.038086 0.041016
0 0.078613 0.832031 0.036133 0.037109
0 0.188477 0.845215 0.035156 0.040039
0 0.096680 0.847656 0.037109 0.039062
0 0.421875 0.848145 0.039062 0.038086
0 0.315430 0.849609 0.037109 0.037109
0 0.859375 0.849121 0.037109 0.038086
0 0.448242 0.863770 0.035156 0.034180
0 0.834961 0.869141 0.037109 0.035156
0 0.128418 0.873535 0.036133 0.036133
0 0.237793 0.885254 0.036133 0.036133
0 0.470703 0.886719 0.039062 0.037109
0 0.153320 0.891113 0.039062 0.038086
0 0.363770 0.892090 0.038086 0.038086
0 0.258789 0.906250 0.039062 0.039062
0 0.414551 0.896484 0.018555 0.017578
0 0.496094 0.907227 0.035156 0.039062
0 0.022949 0.913086 0.032227 0.039062
0 0.180664 0.914551 0.039062 0.038086
0 0.284180 0.926270 0.039062 0.036133
0 0.516113 0.928223 0.038086 0.038086
0 0.043457 0.931152 0.038086 0.038086
0 0.415527 0.932617 0.038086 0.039062
0 0.763672 0.934570 0.037109 0.035156
0 0.207520 0.937988 0.040039 0.040039
0 0.307617 0.946289 0.037109 0.037109
0 0.439941 0.953125 0.036133 0.037109
0 0.534668 0.953125 0.034180 0.031250
0 0.073730 0.958496 0.040039 0.038086
0 0.741699 0.958984 0.040039 0.037109
0 0.236328 0.958984 0.037109 0.035156
0 0.463379 0.974121 0.038086 0.038086
0 0.282227 0.963379 0.013672 0.012695
0 0.720703 0.980957 0.042969 0.038086
0 0.105957 0.982422 0.036133 0.035156
0 0.262695 0.982422 0.041016 0.035156
0 0.355469 0.983887 0.039062 0.032227
0 0.585449 0.984863 0.040039 0.030273
0 0.489258 0.987305 0.037109 0.025391
0 0.127930 0.990723 0.033203 0.018555
0 0.698730 0.990723 0.041992 0.018555
0 0.290527 0.991211 0.030273 0.017578
0 0.379395 0.994629 0.020508 0.010742
1 0.100586 0.025391 0.037109 0.037109
1 0.037109 0.045410 0.039062 0.038086
1 0.016602 0.207031 0.019531 0.037109
1 0.329590 0.213867 0.036133 0.037109
1 0.194824 0.244629 0.043945 0.041992
1 0.152832 0.291992 0.040039 0.039062
1 0.463867 0.290039 0.037109 0.037109
1 0.709473 0.318848 0.043945 0.045898
1 0.348145 0.317871 0.038086 0.040039
1 0.285645 0.393066 0.040039 0.036133
1 0.808105 0.394043 0.040039 0.036133
1 0.043457 0.420410 0.043945 0.040039
1 0.148438 0.434082 0.039062 0.038086
1 0.026367 0.445312 0.039062 0.039062
1 0.779785 0.455078 0.043945 0.042969
1 0.082520 0.500488 0.049805 0.041992
1 0.487793 0.520508 0.040039 0.044922
1 0.297363 0.537109 0.038086 0.035156
1 0.893555 0.554199 0.044922 0.043945
1 0.936523 0.595215 0.039062 0.038086
1 0.264160 0.605469 0.041992 0.044922
1 0.980957 0.629395 0.038086 0.043945
1 0.393555 0.634277 0.041016 0.043945
1 0.359375 0.690430 0.037109 0.039062
1 0.486816 0.717773 0.034180 0.033203
1 0.278809 0.729492 0.047852 0.039062
1 0.403809 0.732422 0.040039 0.037109
1 0.428711 0.750000 0.037109 0.041016
1 0.139648 0.801758 0.039062 0.037109
1 0.209961 0.863770 0.037109 0.038086
1 0.341797 0.869629 0.041016 0.041992
1 0.334473 0.967773 0.034180 0.035156
1 0.558594 0.974121 0.033203 0.032227
2 0.168457 0.056152 0.041992 0.036133
2 0.062012 0.062500 0.041992 0.035156
2 0.150879 0.077637 0.038086 0.036133
2 0.520996 0.159180 0.051758 0.052734
2 0.259277 0.167480 0.041992 0.038086
2 0.717285 0.208496 0.038086 0.041992
2 0.035156 0.230957 0.039062 0.040039
2 0.414062 0.250000 0.048828 0.044922
2 0.862793 0.333984 0.051758 0.037109
2 0.329590 0.346191 0.045898 0.041992
2 0.661621 0.362793 0.040039 0.040039
2 0.937012 0.395508 0.040039 0.037109
2 0.264160 0.417969 0.040039 0.037109
2 0.883301 0.459961 0.032227 0.037109
2 0.012207 0.479004 0.024414 0.053711
2 0.908203 0.483398 0.039062 0.031250
2 0.205566 0.492188 0.041992 0.042969
2 0.395508 0.496094 0.037109 0.039062
2 0.706055 0.532715 0.037109 0.038086
2 0.425781 0.548340 0.041016 0.045898
2 0.685059 0.557129 0.034180 0.034180
2 0.993164 0.563477 0.013672 0.023438
2 0.739258 0.735352 0.212891 0.273438
2 0.626953 0.622559 0.037109 0.041992
2 0.228027 0.689453 0.041992 0.044922
2 0.811035 0.892090 0.036133 0.038086
2 0.393555 0.910156 0.042969 0.046875
2 0.790527 0.916992 0.045898 0.039062
