0 0.067871 0.018066 0.030273 0.020508
0 0.161133 0.016602 0.029297 0.017578
0 0.276367 0.017090 0.041016 0.018555
0 0.047363 0.039551 0.030273 0.040039
0 0.193848 0.037109 0.018555 0.023438
0 0.351562 0.061035 0.046875 0.057617
0 0.392578 0.052246 0.019531 0.020508
0 0.243164 0.064941 0.037109 0.038086
0 0.123047 0.067871 0.031250 0.034180
0 0.679688 0.114746 0.078125 0.125977
0 0.843750 0.111816 0.068359 0.114258
0 0.404785 0.068848 0.018555 0.022461
0 0.016113 0.097656 0.018555 0.037109
0 0.102051 0.095215 0.030273 0.032227
0 0.218262 0.098145 0.038086 0.036133
0 0.411621 0.106445 0.034180 0.037109
0 0.152344 0.101562 0.015625 0.015625
0 0.351562 0.110840 0.025391 0.024414
0 0.201172 0.124023 0.033203 0.037109
0 0.081543 0.126465 0.032227 0.034180
0 0.135254 0.124023 0.014648 0.017578
0 0.288086 0.136719 0.041016 0.035156
0 0.180176 0.149902 0.030273 0.041992
0 0.062012 0.155762 0.032227 0.036133
0 0.380371 0.158691 0.034180 0.034180
0 0.265137 0.168457 0.034180 0.034180
0 0.311035 0.169922 0.020508 0.019531
0 0.040527 0.183105 0.034180 0.036133
0 0.159180 0.183594 0.031250 0.035156
0 0.365234 0.186035 0.037109 0.040039
0 0.870605 0.200684 0.051758 0.067383
0 0.117188 0.183105 0.017578 0.016602
0 0.303223 0.182129 0.016602 0.016602
0 0.316406 0.187012 0.013672 0.012695
0 0.136230 0.208496 0.040039 0.041992
0 0.446777 0.206055 0.034180 0.033203
0 0.021973 0.213867 0.028320 0.033203
0 0.114258 0.237305 0.041016 0.042969
0 0.331543 0.235840 0.036133 0.036133
0 0.432617 0.238281 0.037109 0.039062
0 0.315430 0.258789 0.037109 0.037109
0 0.416016 0.257812 0.037109 0.033203
0 0.867188 0.267090 0.052734 0.053711
0 0.497559 0.274414 0.053711 0.064453
0 0.049316 0.269043 0.018555 0.016602
0 0.395996 0.281250 0.038086 0.041016
0 0.291992 0.292480 0.046875 0.059570
0 0.181641 0.285645 0.029297 0.034180
0 0.066895 0.314941 0.053711 0.065430
0 0.161621 0.312012 0.032227 0.036133
0 0.464844 0.325195 0.039062 0.037109
0 0.909668 0.342285 0.057617 0.043945
0 0.403320 0.331543 0.019531 0.018555
0 0.141113 0.346191 0.034180 0.041992
0 0.180176 0.341309 0.018555 0.016602
0 0.349121 0.358398 0.038086 0.041016
0 0.036621 0.359375 0.034180 0.035156
0 0.123535 0.374512 0.045898 0.043945
0 0.537598 0.377930 0.034180 0.039062
0 0.334473 0.378418 0.040039 0.034180
0 0.082031 0.437500 0.083984 0.107422
0 0.212402 0.405762 0.034180 0.036133
0 0.533691 0.418945 0.041992 0.039062
0 0.394043 0.420410 0.041992 0.038086
0 0.187988 0.427734 0.041992 0.044922
0 0.299316 0.430664 0.047852 0.041016
0 0.175293 0.455078 0.041992 0.033203
0 0.482910 0.459961 0.036133 0.033203
0 0.105469 0.463867 0.019531 0.019531
0 0.161621 0.480469 0.036133 0.035156
0 0.241699 0.501465 0.047852 0.038086
0 0.145020 0.505371 0.036133 0.036133
0 0.066895 0.502441 0.020508 0.018555
0 0.965820 0.547363 0.068359 0.104492
0 0.237305 0.525391 0.041016 0.039062
0 0.027344 0.524902 0.037109 0.034180
0 0.128418 0.529297 0.030273 0.035156
0 0.209961 0.550293 0.031250 0.034180
0 0.198242 0.573730 0.029297 0.030273
0 0.402344 0.580078 0.041016 0.039062
0 0.233887 0.575195 0.018555 0.017578
0 0.270020 0.595215 0.043945 0.040039
0 0.015625 0.595703 0.015625 0.035156
0 0.175293 0.597168 0.032227 0.034180
0 0.160645 0.622559 0.028320 0.032227
0 0.052734 0.621094 0.031250 0.027344
0 0.022949 0.626953 0.024414 0.023438
0 0.579590 0.718262 0.145508 0.204102
0 0.245605 0.645508 0.051758 0.041016
0 0.180176 0.640137 0.022461 0.022461
0 0.038086 0.647461 0.029297 0.029297
0 0.547363 0.664062 0.045898 0.044922
0 0.232422 0.670898 0.042969 0.041016
0 0.127441 0.677734 0.034180 0.042969
0 0.021973 0.679688 0.030273 0.042969
0 0.320801 0.703613 0.041992 0.040039
0 0.103027 0.710938 0.043945 0.041016
0 0.506348 0.723145 0.045898 0.043945
0 0.931641 0.780273 0.085938 0.138672
0 0.169922 0.738770 0.042969 0.038086
0 0.157227 0.756836 0.041016 0.037109
0 0.664062 0.784180 0.074219 0.083984
0 0.061035 0.765137 0.032227 0.041992
0 0.466309 0.782227 0.045898 0.044922
0 0.139648 0.786621 0.041016 0.038086
0 0.044434 0.796387 0.040039 0.045898
0 0.443848 0.811523 0.045898 0.044922
0 0.513672 0.831055 0.085938 0.083984
0 0.074707 0.801270 0.012695 0.012695
0 0.242188 0.818359 0.044922 0.041016
0 0.028809 0.816895 0.032227 0.026367
0 0.317383 0.828125 0.044922 0.041016
0 0.106445 0.830078 0.042969 0.037109
0 0.633301 0.896484 0.114258 0.134766
0 0.096191 0.853516 0.047852 0.041016
0 0.297363 0.859375 0.040039 0.042969
0 0.479980 0.874023 0.071289 0.070312
0 0.402832 0.870605 0.045898 0.043945
0 0.384277 0.898926 0.045898 0.043945
0 0.427246 0.938965 0.124023 0.122070
0 0.040039 0.929688 0.050781 0.042969
0 0.362793 0.931152 0.045898 0.043945
0 0.152344 0.958984 0.134766 0.082031
0 0.343262 0.958496 0.045898 0.043945
0 0.627441 0.969238 0.069336 0.061523
0 0.320801 0.983398 0.043945 0.033203
0 0.595703 0.984863 0.048828 0.030273
0 0.509277 0.989258 0.030273 0.021484
1 0.368164 0.021484 0.031250 0.031250
1 0.143555 0.039551 0.037109 0.041992
1 0.261719 0.037109 0.031250 0.037109
1 0.325195 0.078613 0.035156 0.036133
1 0.306641 0.111328 0.039062 0.029297
1 0.399414 0.133789 0.039062 0.035156
1 0.348633 0.210938 0.039062 0.037109
1 0.383301 0.307129 0.038086 0.038086
1 0.260254 0.330078 0.043945 0.042969
1 0.443848 0.350586 0.041992 0.039062
1 0.430176 0.372559 0.043945 0.040039
1 0.418945 0.405273 0.042969 0.041016
1 0.277832 0.452637 0.036133 0.036133
1 0.385742 0.459473 0.046875 0.036133
1 0.270508 0.481445 0.046875 0.048828
1 0.096191 0.478027 0.020508 0.020508
1 0.089844 0.577148 0.037109 0.033203
1 0.385254 0.606445 0.041992 0.037109
1 0.470703 0.611328 0.044922 0.041016
1 0.257324 0.616699 0.041992 0.036133
1 0.567871 0.635742 0.045898 0.044922
1 0.525879 0.694824 0.045898 0.043945
1 0.089844 0.745605 0.054688 0.053711
1 0.484863 0.754883 0.045898 0.044922
1 0.424316 0.839844 0.045898 0.044922
1 0.082520 0.871582 0.047852 0.041992
1 0.027832 0.949707 0.041992 0.043945
2 0.027832 0.070801 0.034180 0.034180
2 0.202637 0.256836 0.032227 0.039062
2 0.094238 0.272949 0.040039 0.032227
2 0.364746 0.329590 0.036133 0.036133
2 0.018555 0.390625 0.025391 0.029297
2 0.510254 0.558594 0.040039 0.037109
2 0.488770 0.587891 0.041992 0.039062
2 0.446777 0.641113 0.045898 0.043945
