0 0.134766 0.044922 0.031250 0.042969
0 0.174316 0.054688 0.043945 0.050781
0 0.104492 0.043945 0.025391 0.021484
0 0.030762 0.057617 0.049805 0.044922
0 0.346191 0.069336 0.018555 0.025391
0 0.420410 0.076660 0.034180 0.034180
0 0.312012 0.083984 0.047852 0.042969
0 0.499512 0.083496 0.034180 0.036133
0 0.987305 0.079102 0.021484 0.019531
0 0.967285 0.081543 0.020508 0.022461
0 0.572754 0.096191 0.059570 0.041992
0 0.916992 0.096680 0.042969 0.039062
0 0.393555 0.093262 0.042969 0.030273
0 0.647461 0.095215 0.033203 0.030273
0 0.677246 0.104980 0.036133 0.038086
0 0.732422 0.106934 0.039062 0.041992
0 0.777344 0.105469 0.031250 0.037109
0 0.236328 0.109863 0.046875 0.036133
0 0.019043 0.119141 0.024414 0.033203
0 0.511719 0.128418 0.066406 0.047852
0 0.972168 0.133789 0.043945 0.054688
0 0.372070 0.133301 0.046875 0.049805
0 0.824219 0.138184 0.039062 0.038086
0 0.214355 0.154785 0.053711 0.051758
0 0.308105 0.145996 0.020508 0.020508
0 0.842773 0.165039 0.027344 0.031250
0 0.795410 0.166504 0.022461 0.026367
0 0.335938 0.181152 0.052734 0.041992
0 0.728516 0.182129 0.041016 0.040039
0 0.205566 0.190430 0.055664 0.048828
0 0.083008 0.188477 0.035156 0.041016
0 0.284180 0.180176 0.019531 0.016602
0 0.487793 0.193359 0.026367 0.023438
0 0.803711 0.192383 0.017578 0.017578
0 0.064453 0.212891 0.039062 0.037109
0 0.939453 0.213867 0.037109 0.039062
0 0.191406 0.219238 0.050781 0.045898
0 0.244141 0.213379 0.027344 0.032227
0 0.797852 0.229980 0.050781 0.040039
0 0.914062 0.233398 0.046875 0.042969
0 0.324707 0.230469 0.036133 0.029297
0 0.237305 0.239258 0.048828 0.041016
0 0.170898 0.243652 0.039062 0.032227
0 0.830078 0.255859 0.039062 0.037109
0 0.314941 0.252930 0.028320 0.029297
0 0.898926 0.257812 0.036133 0.035156
0 0.157227 0.263184 0.050781 0.041992
0 0.036621 0.262695 0.040039 0.035156
0 0.287598 0.276367 0.049805 0.039062
0 0.261719 0.291504 0.046875 0.041992
0 0.983398 0.290039 0.033203 0.041016
0 0.027344 0.294434 0.037109 0.041992
0 0.132324 0.303711 0.038086 0.050781
0 0.738770 0.295410 0.038086 0.030273
0 0.383789 0.309570 0.044922 0.041016
0 0.755859 0.312012 0.035156 0.040039
0 0.021973 0.338867 0.030273 0.070312
0 0.781738 0.325684 0.038086 0.038086
0 0.965820 0.323242 0.037109 0.033203
0 0.253418 0.324707 0.034180 0.032227
0 0.372559 0.336426 0.047852 0.040039
0 0.994141 0.332520 0.011719 0.020508
0 0.959473 0.349121 0.061523 0.041992
0 0.207031 0.360352 0.033203 0.029297
0 0.244629 0.363281 0.034180 0.035156
0 0.675293 0.362793 0.040039 0.032227
0 0.702148 0.376465 0.042969 0.041992
0 0.814453 0.379395 0.054688 0.043945
0 0.991699 0.375000 0.016602 0.033203
0 0.187988 0.373047 0.030273 0.023438
0 0.357910 0.395996 0.057617 0.051758
0 0.095215 0.394043 0.041992 0.041992
0 0.480957 0.390625 0.034180 0.033203
0 0.800293 0.408203 0.038086 0.041016
0 0.905762 0.405273 0.038086 0.035156
0 0.600098 0.409180 0.040039 0.041016
0 0.322266 0.417969 0.035156 0.033203
0 0.080566 0.422852 0.041992 0.039062
0 0.619141 0.428711 0.041016 0.039062
0 0.888672 0.432129 0.035156 0.040039
0 0.065918 0.440918 0.045898 0.040039
0 0.949707 0.445312 0.041992 0.042969
0 0.454590 0.446777 0.024414 0.022461
0 0.317383 0.460938 0.029297 0.031250
0 0.879395 0.466309 0.065430 0.040039
0 0.682617 0.468262 0.035156 0.041992
0 0.979004 0.468262 0.034180 0.041992
0 0.045898 0.465820 0.041016 0.033203
0 0.481445 0.471191 0.041016 0.038086
0 0.727051 0.490234 0.055664 0.046875
0 0.135254 0.485840 0.030273 0.034180
0 0.942871 0.479980 0.024414 0.022461
0 0.618652 0.486816 0.026367 0.022461
0 0.093750 0.486816 0.021484 0.020508
0 0.573242 0.500000 0.046875 0.039062
0 0.460938 0.504883 0.035156 0.035156
0 0.273926 0.509277 0.047852 0.041992
0 0.634766 0.527344 0.052734 0.066406
0 0.350586 0.516602 0.033203 0.039062
0 0.904297 0.521973 0.044922 0.051758
0 0.721680 0.519531 0.042969 0.037109
0 0.602539 0.523926 0.039062 0.040039
0 0.149902 0.531738 0.045898 0.024414
0 0.256836 0.537598 0.050781 0.032227
0 0.804688 0.544434 0.041016 0.038086
0 0.324707 0.546387 0.041992 0.034180
0 0.698730 0.550293 0.038086 0.036133
0 0.230957 0.564941 0.032227 0.034180
0 0.073242 0.560059 0.025391 0.022461
0 0.312988 0.590820 0.063477 0.068359
0 0.673828 0.580078 0.044922 0.035156
0 0.852051 0.583008 0.038086 0.031250
0 0.222168 0.590820 0.045898 0.042969
0 0.128906 0.587402 0.041016 0.034180
0 0.410645 0.592773 0.043945 0.033203
0 0.565430 0.601074 0.039062 0.047852
0 0.968262 0.601562 0.049805 0.050781
0 0.876465 0.608398 0.047852 0.046875
0 0.766602 0.602051 0.042969 0.030273
0 0.591797 0.616211 0.037109 0.044922
0 0.396973 0.623535 0.053711 0.043945
0 0.205566 0.628418 0.038086 0.049805
0 0.634277 0.632812 0.053711 0.050781
0 0.748535 0.628906 0.047852 0.042969
0 0.039062 0.625000 0.021484 0.021484
0 0.479980 0.637207 0.041992 0.045898
0 0.292480 0.642578 0.038086 0.035156
0 0.070801 0.652344 0.061523 0.044922
0 0.379395 0.649902 0.047852 0.040039
0 0.779785 0.645996 0.020508 0.030273
0 0.223633 0.645508 0.027344 0.021484
0 0.503906 0.661133 0.044922 0.041016
0 0.805664 0.661621 0.029297 0.030273
0 0.544434 0.672852 0.057617 0.046875
0 0.270508 0.672852 0.035156 0.039062
0 0.358887 0.676758 0.032227 0.039062
0 0.830078 0.680664 0.031250 0.027344
0 0.069824 0.686035 0.038086 0.034180
0 0.042969 0.703125 0.044922 0.029297
0 0.428711 0.710938 0.039062 0.041016
0 0.573242 0.715332 0.046875 0.049805
0 0.725586 0.711426 0.039062 0.041992
0 0.150391 0.724121 0.048828 0.051758
0 0.253906 0.727051 0.037109 0.041992
0 0.752930 0.732422 0.044922 0.037109
0 0.697266 0.729980 0.021484 0.022461
0 0.975098 0.739746 0.041992 0.034180
0 0.202148 0.738281 0.027344 0.025391
0 0.671387 0.743164 0.041992 0.037109
0 0.328613 0.751465 0.043945 0.032227
0 0.783691 0.754395 0.034180 0.034180
0 0.811523 0.776367 0.054688 0.070312
0 0.153320 0.764160 0.044922 0.041992
0 0.234863 0.760742 0.034180 0.035156
0 0.647461 0.772461 0.039062 0.044922
0 0.314941 0.771973 0.034180 0.034180
0 0.536621 0.773926 0.043945 0.038086
0 0.201660 0.774414 0.030273 0.035156
0 0.386230 0.779785 0.030273 0.036133
0 0.846191 0.783203 0.040039 0.039062
0 0.726074 0.793945 0.036133 0.042969
0 0.173828 0.787598 0.023438 0.026367
0 0.700195 0.794434 0.039062 0.041992
0 0.115723 0.798340 0.036133 0.040039
0 0.406738 0.795898 0.034180 0.035156
0 0.208984 0.803711 0.039062 0.041016
0 0.311523 0.807617 0.052734 0.046875
0 0.916504 0.804199 0.038086 0.032227
0 0.522461 0.811035 0.037109 0.038086
0 0.820312 0.809082 0.019531 0.018555
0 0.743652 0.820312 0.032227 0.037109
0 0.089355 0.843262 0.049805 0.071289
0 0.611328 0.824707 0.037109 0.036133
0 0.179688 0.833008 0.048828 0.042969
0 0.981934 0.831055 0.036133 0.039062
0 0.496582 0.834961 0.038086 0.035156
0 0.799805 0.853516 0.091797 0.072266
0 0.280273 0.833984 0.033203 0.029297
0 0.587891 0.851562 0.035156 0.039062
0 0.476074 0.857422 0.038086 0.035156
0 0.170410 0.872070 0.038086 0.039062
0 0.657227 0.868164 0.035156 0.033203
0 0.353027 0.877930 0.040039 0.041016
0 0.568359 0.883301 0.035156 0.034180
0 0.068848 0.883301 0.034180 0.030273
0 0.687012 0.884766 0.036133 0.033203
0 0.385254 0.889648 0.040039 0.039062
0 0.973633 0.896973 0.052734 0.047852
0 0.244629 0.907715 0.041992 0.040039
0 0.758789 0.908203 0.039062 0.035156
0 0.550781 0.911621 0.037109 0.036133
0 0.131836 0.916992 0.042969 0.039062
0 0.439453 0.918457 0.037109 0.038086
0 0.584473 0.919434 0.038086 0.041992
0 0.630371 0.917480 0.022461 0.022461
0 0.025879 0.924805 0.032227 0.033203
0 0.787598 0.929688 0.038086 0.039062
0 0.307129 0.939453 0.047852 0.048828
0 0.229980 0.938965 0.045898 0.032227
0 0.691895 0.941895 0.038086 0.038086
0 0.117676 0.942871 0.043945 0.038086
0 0.635742 0.950195 0.046875 0.050781
0 0.820312 0.947754 0.039062 0.036133
0 0.019531 0.954102 0.025391 0.039062
0 0.330566 0.960449 0.040039 0.047852
0 0.711914 0.961426 0.033203 0.040039
0 0.509766 0.966797 0.042969 0.041016
0 0.215332 0.965332 0.047852 0.032227
0 0.848633 0.969238 0.041016 0.030273
0 0.110840 0.974121 0.032227 0.032227
0 0.739258 0.975586 0.035156 0.037109
0 0.871582 0.979004 0.038086 0.041992
0 0.923340 0.981445 0.049805 0.037109
0 0.398926 0.984863 0.036133 0.030273
0 0.199219 0.985352 0.041016 0.029297
0 0.535156 0.990723 0.019531 0.018555
0 0.371094 0.994141 0.033203 0.011719
1 0.024414 0.086914 0.035156 0.033203
1 0.792969 0.129395 0.048828 0.043945
1 0.108887 0.137207 0.040039 0.036133
1 0.015137 0.150879 0.016602 0.034180
1 0.092773 0.159668 0.039062 0.038086
1 0.768555 0.196289 0.048828 0.062500
1 0.877930 0.197266 0.052734 0.054688
1 0.054688 0.238281 0.035156 0.039062
1 0.469238 0.325195 0.040039 0.035156
1 0.641602 0.337402 0.048828 0.041992
1 0.204590 0.414062 0.040039 0.042969
1 0.189941 0.455566 0.055664 0.053711
1 0.855469 0.492676 0.048828 0.045898
1 0.426270 0.556641 0.040039 0.035156
1 0.088867 0.609863 0.046875 0.065430
1 0.618164 0.657715 0.044922 0.049805
1 0.884766 0.796387 0.042969 0.040039
1 0.604004 0.943359 0.041992 0.039062
2 0.069336 0.044922 0.025391 0.035156
2 0.448242 0.178711 0.031250 0.035156
2 0.410645 0.257324 0.038086 0.036133
2 0.685547 0.260254 0.031250 0.041992
2 0.711914 0.270508 0.033203 0.029297
2 0.126465 0.342773 0.041992 0.042969
2 0.838867 0.354492 0.039062 0.033203
2 0.653809 0.450684 0.036133 0.034180
2 0.137695 0.554688 0.050781 0.025391
2 0.937988 0.722656 0.040039 0.037109
2 0.146973 0.891113 0.045898 0.034180
2 0.420898 0.949219 0.037109 0.039062
2 0.761719 0.986328 0.037109 0.027344
3 0.467773 0.142090 0.044922 0.041992
