0 0.144043 0.129395 0.131836 0.151367
0 0.099609 0.123047 0.035156 0.013672
0 0.096191 0.152344 0.040039 0.021484
0 0.313477 0.192383 0.042969 0.027344
0 0.089355 0.250000 0.047852 0.021484
0 0.386230 0.275879 0.061523 0.067383
0 0.485352 0.287109 0.025391 0.029297
0 0.482910 0.323730 0.028320 0.028320
0 0.584473 0.328613 0.036133 0.028320
0 0.378418 0.438477 0.083008 0.224609
0 0.484375 0.349609 0.027344 0.017578
0 0.074707 0.356445 0.026367 0.015625
0 0.658203 0.359375 0.025391 0.023438
0 0.483398 0.381348 0.037109 0.026367
0 0.577148 0.386719 0.035156 0.025391
0 0.664062 0.391602 0.025391 0.019531
0 0.752441 0.399902 0.038086 0.024414
0 0.479004 0.411621 0.030273 0.024414
0 0.571289 0.413086 0.031250 0.017578
0 0.654297 0.437500 0.025391 0.058594
0 0.740234 0.424805 0.054688 0.025391
0 0.486328 0.439453 0.048828 0.029297
0 0.569336 0.446289 0.042969 0.025391
0 0.840332 0.448730 0.034180 0.018555
0 0.750488 0.457031 0.028320 0.017578
0 0.476074 0.483887 0.032227 0.059570
0 0.136719 0.479492 0.035156 0.035156
0 0.846191 0.474609 0.049805 0.027344
0 0.568848 0.477539 0.040039 0.025391
0 0.655273 0.481445 0.033203 0.027344
0 0.756348 0.485840 0.018555 0.022461
0 0.936523 0.507812 0.031250 0.035156
0 0.842285 0.505859 0.045898 0.025391
0 0.575684 0.508789 0.028320 0.019531
0 0.657715 0.516113 0.030273 0.024414
0 0.571289 0.535645 0.041016 0.026367
0 0.930176 0.539551 0.043945 0.028320
0 0.832520 0.538086 0.024414 0.019531
0 0.688477 0.542480 0.023438 0.024414
0 0.654297 0.542480 0.031250 0.020508
0 0.751465 0.545410 0.026367 0.026367
0 0.666016 0.565430 0.058594 0.027344
0 0.569824 0.566406 0.030273 0.025391
0 0.837402 0.566406 0.032227 0.025391
0 0.931641 0.569336 0.031250 0.027344
0 0.473145 0.565918 0.022461 0.018555
0 0.744141 0.574219 0.039062 0.027344
0 0.833984 0.608398 0.037109 0.054688
0 0.567871 0.595703 0.034180 0.027344
0 0.934082 0.599609 0.026367 0.025391
0 0.666504 0.603516 0.045898 0.023438
0 0.749512 0.605469 0.026367 0.019531
0 0.041016 0.648438 0.048828 0.087891
0 0.563477 0.627441 0.027344 0.026367
0 0.924316 0.625000 0.030273 0.023438
0 0.660156 0.637207 0.033203 0.030273
0 0.749512 0.635254 0.032227 0.018555
0 0.930176 0.653809 0.024414 0.026367
0 0.832031 0.655273 0.039062 0.023438
0 0.745117 0.663574 0.037109 0.022461
0 0.125977 0.728516 0.082031 0.136719
0 0.830078 0.681152 0.037109 0.024414
0 0.923340 0.688477 0.038086 0.027344
0 0.279297 0.702637 0.039062 0.034180
0 0.996582 0.704590 0.006836 0.024414
0 0.379395 0.734375 0.040039 0.037109
0 0.029785 0.745117 0.045898 0.056641
0 0.469238 0.739258 0.040039 0.031250
0 0.520508 0.748535 0.039062 0.030273
0 0.557129 0.756836 0.038086 0.029297
0 0.592285 0.754395 0.020508 0.018555
0 0.357910 0.773438 0.049805 0.029297
0 0.621094 0.774414 0.039062 0.031250
0 0.710938 0.782227 0.025391 0.025391
0 0.240723 0.802246 0.045898 0.055664
0 0.793945 0.797363 0.031250 0.032227
0 0.284180 0.809570 0.029297 0.052734
0 0.703613 0.809082 0.026367 0.028320
0 0.862793 0.814453 0.024414 0.025391
0 0.318359 0.824219 0.027344 0.035156
0 0.358398 0.832031 0.044922 0.039062
0 0.791992 0.829102 0.021484 0.023438
0 0.900391 0.826172 0.017578 0.017578
0 0.697266 0.835938 0.025391 0.025391
0 0.439941 0.850586 0.032227 0.048828
0 0.866699 0.841797 0.032227 0.029297
0 0.981934 0.862793 0.036133 0.055664
0 0.774902 0.854004 0.041992 0.032227
0 0.502441 0.859863 0.026367 0.032227
0 0.693359 0.863770 0.023438 0.032227
0 0.230957 0.881348 0.038086 0.030273
0 0.723145 0.876953 0.018555 0.021484
0 0.769531 0.883301 0.037109 0.030273
0 0.686035 0.893555 0.028320 0.027344
0 0.265137 0.903320 0.032227 0.039062
0 0.216797 0.904297 0.035156 0.025391
0 0.343750 0.908203 0.054688 0.027344
0 0.766602 0.910645 0.029297 0.028320
0 0.435059 0.925781 0.040039 0.029297
0 0.680664 0.924805 0.025391 0.019531
0 0.757812 0.936523 0.033203 0.031250
0 0.846191 0.930664 0.032227 0.021484
0 0.211426 0.951660 0.045898 0.055664
0 0.874512 0.939453 0.018555 0.015625
0 0.497070 0.951172 0.025391 0.031250
0 0.675781 0.948730 0.027344 0.026367
0 0.532227 0.970215 0.052734 0.057617
0 0.837402 0.955078 0.026367 0.025391
0 0.430664 0.957520 0.048828 0.028320
0 0.559082 0.959961 0.026367 0.023438
0 0.753418 0.967773 0.032227 0.029297
0 0.955078 0.973145 0.064453 0.038086
0 0.864258 0.979980 0.025391 0.038086
0 0.667969 0.978027 0.027344 0.026367
0 0.255859 0.977051 0.031250 0.020508
0 0.414062 0.980469 0.023438 0.025391
0 0.834961 0.983887 0.037109 0.028320
0 0.323730 0.988281 0.043945 0.023438
0 0.200195 0.992676 0.039062 0.014648
0 0.434570 0.992188 0.017578 0.015625
0 0.747070 0.992188 0.023438 0.015625
1 0.166016 0.296875 0.058594 0.050781
1 0.752441 0.516602 0.030273 0.019531
1 0.472168 0.530273 0.026367 0.023438
1 0.471191 0.596680 0.030273 0.035156
1 0.477539 0.783691 0.046875 0.036133
1 0.613770 0.808105 0.038086 0.030273
1 0.607422 0.845215 0.037109 0.018555
1 0.296387 0.909180 0.030273 0.039062
1 0.331055 0.963867 0.052734 0.031250
2 0.091309 0.184082 0.036133 0.020508
2 0.338867 0.941406 0.039062 0.021484
