0 0.299805 0.081543 0.027344 0.020508
0 0.373535 0.101562 0.071289 0.037109
0 0.507812 0.096680 0.027344 0.025391
0 0.020508 0.114258 0.041016 0.046875
0 0.220703 0.116211 0.054688 0.041016
0 0.332031 0.115234 0.041016 0.035156
0 0.093262 0.124512 0.034180 0.038086
0 0.546875 0.140137 0.039062 0.051758
0 0.114746 0.135742 0.034180 0.037109
0 0.507812 0.138184 0.039062 0.041992
0 0.982422 0.149414 0.035156 0.046875
0 0.953125 0.137695 0.021484 0.019531
0 0.140625 0.160156 0.041016 0.041016
0 0.262207 0.161133 0.051758 0.041016
0 0.086426 0.169434 0.049805 0.049805
0 0.326172 0.167969 0.044922 0.046875
0 0.163086 0.173340 0.039062 0.040039
0 0.945312 0.173828 0.044922 0.041016
0 0.168945 0.205566 0.080078 0.071289
0 0.049805 0.201172 0.058594 0.046875
0 0.888672 0.202637 0.048828 0.049805
0 0.215820 0.208984 0.054688 0.054688
0 0.451660 0.219727 0.055664 0.062500
0 0.644043 0.216309 0.059570 0.055664
0 0.309570 0.205078 0.035156 0.031250
0 0.407227 0.205078 0.046875 0.027344
0 0.094727 0.207520 0.019531 0.022461
0 0.074219 0.230469 0.021484 0.021484
0 0.851562 0.260742 0.062500 0.083984
0 0.094238 0.238770 0.030273 0.030273
0 0.695801 0.250488 0.059570 0.055664
0 0.126465 0.253418 0.047852 0.051758
0 0.419922 0.239746 0.015625 0.014648
0 0.267090 0.264160 0.057617 0.055664
0 0.384766 0.256836 0.037109 0.039062
0 0.562500 0.261230 0.039062 0.038086
0 0.424316 0.266113 0.022461 0.018555
0 0.312012 0.291016 0.043945 0.039062
0 0.436523 0.295898 0.052734 0.042969
0 0.524414 0.290039 0.021484 0.021484
0 0.822266 0.317871 0.052734 0.051758
0 0.661133 0.317383 0.042969 0.037109
0 0.171875 0.322754 0.042969 0.041992
0 0.354004 0.321289 0.045898 0.039062
0 0.011230 0.314941 0.022461 0.024414
0 0.613281 0.319336 0.035156 0.033203
0 0.777344 0.320312 0.039062 0.035156
0 0.554199 0.331055 0.055664 0.052734
0 0.517090 0.324219 0.034180 0.035156
0 0.396973 0.351074 0.047852 0.041992
0 0.601562 0.352051 0.072266 0.043945
0 0.635742 0.340332 0.017578 0.016602
0 0.055176 0.347656 0.022461 0.021484
0 0.963379 0.375000 0.047852 0.050781
0 0.010742 0.376953 0.021484 0.044922
0 0.475098 0.377930 0.047852 0.046875
0 0.341309 0.388184 0.065430 0.059570
0 0.780273 0.395020 0.058594 0.057617
0 0.082520 0.381836 0.026367 0.027344
0 0.251953 0.392090 0.048828 0.047852
0 0.159180 0.395996 0.039062 0.049805
0 0.992188 0.386719 0.015625 0.031250
0 0.615723 0.400879 0.069336 0.055664
0 0.138184 0.390625 0.018555 0.017578
0 0.498047 0.413086 0.042969 0.035156
0 0.581055 0.434570 0.042969 0.046875
0 0.531738 0.441895 0.051758 0.047852
0 0.465820 0.455566 0.062500 0.069336
0 0.747559 0.446777 0.071289 0.051758
0 0.236816 0.446289 0.036133 0.039062
0 0.960449 0.450684 0.041992 0.041992
0 0.982910 0.468750 0.034180 0.062500
0 0.890625 0.475586 0.064453 0.064453
0 0.286133 0.472656 0.050781 0.042969
0 0.727051 0.495117 0.065430 0.068359
0 0.219238 0.495117 0.045898 0.060547
0 0.637207 0.482422 0.028320 0.027344
0 0.954590 0.516602 0.067383 0.068359
0 0.467773 0.528809 0.056641 0.055664
0 0.859863 0.525391 0.053711 0.042969
0 0.373535 0.529785 0.047852 0.045898
0 0.664062 0.522461 0.023438 0.023438
0 0.693359 0.542969 0.058594 0.062500
0 0.038574 0.529785 0.028320 0.022461
0 0.097656 0.556152 0.054688 0.047852
0 0.935547 0.564941 0.042969 0.057617
0 0.018066 0.554688 0.022461 0.025391
0 0.228027 0.566895 0.034180 0.032227
0 0.820801 0.573730 0.041992 0.043945
0 0.649902 0.590332 0.081055 0.067383
0 0.539062 0.585449 0.037109 0.036133
0 0.464355 0.602539 0.043945 0.060547
0 0.399902 0.619141 0.045898 0.050781
0 0.785645 0.624512 0.051758 0.059570
0 0.339355 0.664551 0.053711 0.055664
0 0.375000 0.652832 0.025391 0.026367
0 0.746582 0.670410 0.049805 0.047852
0 0.838379 0.695312 0.075195 0.068359
0 0.607422 0.702637 0.046875 0.051758
0 0.436035 0.715332 0.047852 0.071289
0 0.033203 0.702637 0.027344 0.032227
0 0.709961 0.717285 0.037109 0.047852
0 0.070312 0.729980 0.048828 0.059570
0 0.287109 0.744629 0.066406 0.053711
0 0.568848 0.747559 0.049805 0.061523
0 0.215820 0.755859 0.042969 0.041016
0 0.786133 0.768066 0.072266 0.063477
0 0.020508 0.762695 0.037109 0.033203
0 0.525879 0.756836 0.020508 0.019531
0 0.915039 0.765625 0.052734 0.035156
0 0.333008 0.778809 0.056641 0.049805
0 0.048828 0.769043 0.015625 0.016602
0 0.192871 0.789062 0.038086 0.041016
0 0.673828 0.790527 0.029297 0.034180
0 0.274414 0.786133 0.015625 0.015625
0 0.380859 0.802246 0.044922 0.036133
0 0.235840 0.814941 0.041992 0.040039
0 0.710449 0.818848 0.043945 0.045898
0 0.975586 0.826172 0.048828 0.054688
0 0.347656 0.817871 0.021484 0.024414
0 0.428223 0.830566 0.041992 0.043945
0 0.033203 0.852539 0.050781 0.054688
0 0.171387 0.846680 0.041992 0.039062
0 0.741211 0.845703 0.035156 0.035156
0 0.299316 0.855957 0.049805 0.041992
0 0.468750 0.852539 0.019531 0.019531
0 0.134766 0.873047 0.046875 0.041016
0 0.488281 0.876953 0.046875 0.039062
0 0.323242 0.871582 0.019531 0.020508
0 0.609863 0.915039 0.090820 0.101562
0 0.195312 0.899414 0.046875 0.042969
0 0.688965 0.896973 0.038086 0.034180
0 0.104492 0.923340 0.064453 0.067383
0 0.915527 0.911133 0.049805 0.037109
0 0.230469 0.914062 0.044922 0.033203
0 0.719238 0.914551 0.051758 0.022461
0 0.264648 0.934082 0.037109 0.036133
0 0.749023 0.923340 0.017578 0.014648
0 0.887695 0.940430 0.046875 0.044922
0 0.692383 0.933105 0.015625 0.016602
0 0.293945 0.958496 0.037109 0.032227
0 0.149414 0.967285 0.039062 0.032227
0 0.336914 0.973145 0.037109 0.040039
0 0.667480 0.963867 0.016602 0.017578
0 0.194336 0.980469 0.064453 0.039062
0 0.042969 0.985352 0.050781 0.029297
1 0.583496 0.286621 0.043945 0.051758
1 0.038574 0.387695 0.057617 0.054688
1 0.047363 0.568848 0.057617 0.049805
1 0.068848 0.665527 0.040039 0.049805
1 0.552734 0.787598 0.050781 0.049805
1 0.070801 0.790039 0.053711 0.042969
1 0.946289 0.879883 0.048828 0.052734
1 0.380371 0.902832 0.057617 0.055664
2 0.095215 0.614258 0.081055 0.080078
2 0.274902 0.829590 0.032227 0.043945
2 0.977539 0.979004 0.044922 0.041992
