0 0.304688 0.025391 0.052734 0.050781
0 0.421875 0.046875 0.087891 0.093750
0 0.533203 0.034668 0.066406 0.069336
0 0.987305 0.013672 0.025391 0.027344
0 0.883301 0.015137 0.028320 0.026367
0 0.667969 0.056152 0.068359 0.098633
0 0.720703 0.063477 0.076172 0.085938
0 0.978027 0.044434 0.036133 0.034180
0 0.847168 0.084473 0.084961 0.090820
0 0.117188 0.247070 0.015625 0.015625
0 0.018555 0.259766 0.023438 0.039062
0 0.073730 0.268555 0.026367 0.027344
0 0.100586 0.270508 0.023438 0.033203
0 0.045410 0.267090 0.024414 0.020508
0 0.356934 0.306152 0.040039 0.040039
0 0.240723 0.305176 0.030273 0.028320
0 0.644531 0.328125 0.046875 0.056641
0 0.454102 0.323730 0.041016 0.045898
0 0.546387 0.333008 0.057617 0.050781
0 0.692871 0.327148 0.036133 0.039062
0 0.056152 0.348633 0.020508 0.027344
0 0.258301 0.352539 0.032227 0.027344
0 0.333496 0.355957 0.032227 0.028320
0 0.320312 0.370605 0.033203 0.028320
0 0.733398 0.377441 0.044922 0.034180
0 0.639648 0.378906 0.046875 0.033203
0 0.179688 0.389160 0.039062 0.045898
0 0.112305 0.412109 0.076172 0.087891
0 0.434082 0.379395 0.032227 0.020508
0 0.846680 0.384277 0.035156 0.028320
0 0.479980 0.425293 0.090820 0.100586
0 0.829102 0.395020 0.037109 0.034180
0 0.192871 0.404785 0.036133 0.041992
0 0.605469 0.417969 0.042969 0.039062
0 0.822266 0.416504 0.042969 0.036133
0 0.992188 0.416992 0.015625 0.025391
0 0.212402 0.427246 0.040039 0.040039
0 0.897461 0.426270 0.048828 0.038086
0 0.264648 0.427734 0.046875 0.037109
0 0.400879 0.440430 0.083008 0.064453
0 0.704102 0.428223 0.037109 0.034180
0 0.798828 0.433105 0.027344 0.024414
0 0.582031 0.448730 0.046875 0.040039
0 0.254883 0.452637 0.050781 0.043945
0 0.889160 0.452637 0.038086 0.038086
0 0.141113 0.470215 0.034180 0.041992
0 0.977051 0.469238 0.045898 0.040039
0 0.242676 0.470215 0.038086 0.030273
0 0.653320 0.478027 0.041016 0.036133
0 0.081055 0.479004 0.048828 0.036133
0 0.343262 0.482910 0.051758 0.041992
0 0.964355 0.489258 0.040039 0.035156
0 0.058594 0.496582 0.042969 0.034180
0 0.329102 0.503418 0.037109 0.030273
0 0.947266 0.513672 0.052734 0.048828
0 0.743164 0.505859 0.031250 0.031250
0 0.823730 0.529297 0.045898 0.037109
0 0.634277 0.532715 0.032227 0.032227
0 0.421387 0.535156 0.034180 0.027344
0 0.096191 0.555176 0.045898 0.059570
0 0.297363 0.553711 0.073242 0.050781
0 0.523438 0.552734 0.058594 0.050781
0 0.036621 0.545410 0.041992 0.032227
0 0.913574 0.549316 0.040039 0.036133
0 0.722656 0.551270 0.042969 0.032227
0 0.812500 0.553711 0.041016 0.037109
0 0.114746 0.565918 0.036133 0.045898
0 0.153320 0.566895 0.056641 0.038086
0 0.498047 0.564453 0.039062 0.033203
0 0.794434 0.570312 0.051758 0.042969
0 0.026367 0.567871 0.048828 0.034180
0 0.990723 0.565430 0.018555 0.029297
0 0.700684 0.581055 0.049805 0.039062
0 0.896484 0.582520 0.066406 0.038086
0 0.278809 0.586426 0.053711 0.043945
0 0.362793 0.589355 0.045898 0.038086
0 0.013672 0.591797 0.027344 0.035156
0 0.985840 0.593262 0.028320 0.036133
0 0.779297 0.602539 0.056641 0.052734
0 0.587402 0.595215 0.036133 0.032227
0 0.685059 0.597168 0.038086 0.032227
0 0.261719 0.604980 0.046875 0.041992
0 0.056152 0.609863 0.040039 0.047852
0 0.475586 0.604004 0.039062 0.034180
0 0.967773 0.609863 0.044922 0.038086
0 0.154297 0.608398 0.042969 0.033203
0 0.567383 0.612305 0.037109 0.033203
0 0.358887 0.617188 0.030273 0.033203
0 0.253906 0.634277 0.060547 0.063477
0 0.136230 0.624512 0.045898 0.041992
0 0.847656 0.640137 0.031250 0.028320
0 0.654297 0.660645 0.066406 0.065430
0 0.928711 0.661621 0.035156 0.030273
0 0.315918 0.669922 0.038086 0.033203
0 0.423340 0.680176 0.038086 0.030273
0 0.708008 0.685059 0.052734 0.041992
0 0.015625 0.695312 0.031250 0.052734
0 0.305176 0.689453 0.040039 0.033203
0 0.417480 0.696777 0.045898 0.040039
0 0.618164 0.693848 0.042969 0.036133
0 0.481445 0.693848 0.021484 0.022461
0 0.280762 0.715820 0.061523 0.056641
0 0.400391 0.710938 0.037109 0.033203
0 0.812012 0.730957 0.077148 0.071289
0 0.992676 0.713379 0.014648 0.030273
0 0.499512 0.720215 0.036133 0.034180
0 0.375488 0.733887 0.051758 0.043945
0 0.984863 0.748047 0.030273 0.056641
0 0.263184 0.738281 0.041992 0.033203
0 0.483887 0.741699 0.036133 0.030273
0 0.044434 0.752930 0.061523 0.042969
0 0.162598 0.748535 0.038086 0.032227
0 0.570801 0.763672 0.055664 0.062500
0 0.250488 0.756348 0.047852 0.038086
0 0.859863 0.759766 0.043945 0.037109
0 0.971680 0.755859 0.037109 0.031250
0 0.032715 0.778809 0.051758 0.041992
0 0.844727 0.792969 0.066406 0.044922
0 0.354004 0.787598 0.041992 0.032227
0 0.122559 0.796875 0.045898 0.044922
0 0.556152 0.794922 0.045898 0.037109
0 0.739258 0.817383 0.062500 0.076172
0 0.956055 0.808594 0.064453 0.056641
0 0.231934 0.809082 0.041992 0.034180
0 0.444824 0.807129 0.028320 0.024414
0 0.327637 0.821777 0.053711 0.043945
0 0.820312 0.813965 0.039062 0.030273
0 0.204590 0.824707 0.041992 0.034180
0 0.599121 0.821289 0.032227 0.029297
0 0.104004 0.832520 0.053711 0.047852
0 0.517090 0.831543 0.038086 0.028320
0 0.312012 0.839844 0.055664 0.042969
0 0.190430 0.846680 0.054688 0.046875
0 0.594238 0.849121 0.053711 0.043945
0 0.705566 0.848633 0.032227 0.027344
0 0.977539 0.868652 0.044922 0.065430
0 0.084473 0.860840 0.043945 0.036133
0 0.769531 0.869629 0.041016 0.034180
0 0.179199 0.878906 0.047852 0.039062
0 0.262207 0.888184 0.061523 0.051758
0 0.881836 0.879395 0.029297 0.026367
0 0.484863 0.896973 0.036133 0.045898
0 0.159180 0.895508 0.046875 0.039062
0 0.057129 0.893066 0.040039 0.028320
0 0.333984 0.896973 0.033203 0.034180
0 0.388672 0.898438 0.037109 0.037109
0 0.657715 0.901367 0.041992 0.041016
0 0.499023 0.911133 0.041016 0.044922
0 0.445312 0.911621 0.035156 0.030273
0 0.843750 0.937988 0.023438 0.030273
1 0.323242 0.308105 0.052734 0.055664
1 0.913574 0.331543 0.043945 0.049805
1 0.864746 0.332031 0.024414 0.025391
1 0.032715 0.344727 0.026367 0.017578
1 0.026855 0.397461 0.028320 0.039062
1 0.901855 0.400391 0.026367 0.033203
1 0.675293 0.459961 0.041992 0.033203
1 0.867676 0.476562 0.045898 0.039062
1 0.855469 0.496582 0.033203 0.032227
1 0.235840 0.494629 0.030273 0.024414
1 0.640625 0.500000 0.042969 0.035156
1 0.047852 0.520996 0.033203 0.032227
1 0.733887 0.529785 0.049805 0.040039
1 0.620605 0.553223 0.032227 0.028320
1 0.486328 0.586914 0.031250 0.025391
1 0.123047 0.644531 0.050781 0.041016
1 0.544922 0.652344 0.037109 0.035156
1 0.510742 0.689453 0.044922 0.035156
1 0.698242 0.705566 0.037109 0.030273
1 0.604004 0.712402 0.038086 0.034180
1 0.382812 0.769043 0.023438 0.016602
1 0.395996 0.833496 0.051758 0.045898
1 0.801270 0.836914 0.049805 0.044922
1 0.513184 0.852051 0.045898 0.038086
1 0.529297 0.906250 0.033203 0.039062
1 0.880859 0.909668 0.044922 0.030273
2 0.719238 0.403809 0.040039 0.036133
2 0.394043 0.576660 0.030273 0.028320
2 0.557617 0.633301 0.039062 0.032227
2 0.970215 0.640137 0.034180 0.030273
2 0.435059 0.667480 0.043945 0.036133
2 0.522461 0.667480 0.042969 0.036133
2 0.587402 0.732910 0.040039 0.034180
2 0.681641 0.738281 0.046875 0.041016
2 0.446289 0.727539 0.017578 0.017578
2 0.465332 0.759277 0.041992 0.040039
2 0.773926 0.763184 0.049805 0.041992
2 0.452148 0.781738 0.037109 0.030273
2 0.020508 0.798340 0.041016 0.036133
2 0.363281 0.899414 0.033203 0.039062
2 0.561523 0.903809 0.037109 0.038086
2 0.767578 0.897461 0.029297 0.021484
