0 0.249512 0.013184 0.041992 0.026367
0 0.464355 0.012695 0.038086 0.025391
0 0.868652 0.017090 0.038086 0.034180
0 0.224121 0.020508 0.032227 0.033203
0 0.338867 0.023438 0.035156 0.035156
0 0.888672 0.029297 0.044922 0.042969
0 0.958984 0.023438 0.033203 0.031250
0 0.124023 0.029297 0.031250 0.037109
0 0.698242 0.032715 0.044922 0.041992
0 0.023438 0.036133 0.033203 0.031250
0 0.441406 0.035645 0.033203 0.030273
0 0.204102 0.047363 0.027344 0.030273
0 0.098633 0.053711 0.041016 0.041016
0 0.785156 0.049805 0.033203 0.033203
0 0.323242 0.051758 0.031250 0.033203
0 0.678223 0.060059 0.038086 0.036133
0 0.427246 0.060059 0.034180 0.032227
0 0.012207 0.062500 0.024414 0.035156
0 0.646484 0.071289 0.048828 0.046875
0 0.808105 0.068359 0.038086 0.039062
0 0.222656 0.063965 0.019531 0.018555
0 0.183594 0.073242 0.031250 0.031250
0 0.301758 0.077637 0.033203 0.034180
0 0.464844 0.085938 0.042969 0.042969
0 0.082031 0.083008 0.031250 0.033203
0 0.828125 0.095703 0.041016 0.042969
0 0.278809 0.098145 0.030273 0.030273
0 0.964844 0.097168 0.037109 0.030273
0 0.735352 0.107422 0.039062 0.046875
0 0.058594 0.106934 0.037109 0.036133
0 0.162109 0.104004 0.027344 0.026367
0 0.486328 0.108398 0.031250 0.033203
0 0.630371 0.105957 0.028320 0.026367
0 0.856445 0.113770 0.033203 0.038086
0 0.365234 0.118164 0.033203 0.035156
0 0.984375 0.119141 0.031250 0.031250
0 0.137695 0.121582 0.033203 0.032227
0 0.259277 0.124023 0.030273 0.031250
0 0.511719 0.128418 0.029297 0.030273
0 0.752930 0.132324 0.035156 0.034180
0 0.876465 0.138184 0.041992 0.045898
0 0.394531 0.133789 0.033203 0.031250
0 0.029785 0.132812 0.028320 0.027344
0 0.780762 0.150391 0.041992 0.046875
0 0.537598 0.148438 0.038086 0.033203
0 0.119141 0.149902 0.035156 0.034180
0 0.241211 0.149902 0.033203 0.034180
0 0.017578 0.159180 0.035156 0.035156
0 0.415527 0.160156 0.040039 0.039062
0 0.902344 0.161621 0.041016 0.036133
0 0.329102 0.163574 0.031250 0.032227
0 0.656250 0.166992 0.033203 0.031250
0 0.349609 0.178711 0.041016 0.052734
0 0.557129 0.173828 0.032227 0.033203
0 0.805176 0.175293 0.036133 0.036133
0 0.925781 0.179688 0.039062 0.041016
0 0.687012 0.179199 0.038086 0.038086
0 0.098145 0.180176 0.038086 0.036133
0 0.443848 0.177734 0.032227 0.031250
0 0.582520 0.189941 0.040039 0.041992
0 0.613281 0.204590 0.056641 0.059570
0 0.828613 0.193359 0.038086 0.037109
0 0.196777 0.196777 0.038086 0.038086
0 0.703125 0.202148 0.037109 0.044922
0 0.949707 0.198730 0.032227 0.036133
0 0.469727 0.201172 0.041016 0.039062
0 0.070312 0.200684 0.031250 0.028320
0 0.861328 0.213867 0.035156 0.044922
0 0.372559 0.207520 0.030273 0.028320
0 0.734375 0.218750 0.037109 0.033203
0 0.495605 0.220215 0.032227 0.030273
0 0.175781 0.223145 0.033203 0.032227
0 0.056152 0.226562 0.034180 0.033203
0 0.399902 0.229492 0.038086 0.039062
0 0.879395 0.232910 0.041992 0.041992
0 0.964355 0.232910 0.036133 0.036133
0 0.268066 0.233887 0.032227 0.030273
0 0.629395 0.234863 0.032227 0.032227
0 0.756836 0.238770 0.033203 0.034180
0 0.520508 0.240723 0.031250 0.030273
0 0.134277 0.238770 0.014648 0.014648
0 0.296387 0.248535 0.034180 0.034180
0 0.157715 0.248047 0.030273 0.031250
0 0.423828 0.248047 0.033203 0.031250
0 0.032227 0.251953 0.029297 0.031250
0 0.653320 0.253418 0.037109 0.034180
0 0.899414 0.255859 0.042969 0.039062
0 0.778320 0.255859 0.033203 0.035156
0 0.546387 0.261230 0.030273 0.028320
0 0.015137 0.274414 0.030273 0.042969
0 0.320312 0.269531 0.033203 0.031250
0 0.138672 0.274414 0.031250 0.033203
0 0.447754 0.274902 0.034180 0.034180
0 0.923828 0.276855 0.037109 0.038086
0 0.982910 0.278809 0.034180 0.036133
0 0.234863 0.277832 0.028320 0.030273
0 0.570801 0.283203 0.034180 0.035156
0 0.340820 0.295898 0.050781 0.039062
0 0.486328 0.303711 0.064453 0.054688
0 0.720215 0.302734 0.061523 0.046875
0 0.830566 0.299805 0.036133 0.035156
0 0.253418 0.300293 0.034180 0.030273
0 0.595703 0.304688 0.033203 0.031250
0 0.369141 0.309082 0.029297 0.030273
0 0.278320 0.321289 0.033203 0.039062
0 0.845215 0.330078 0.043945 0.056641
0 0.091797 0.321289 0.033203 0.035156
0 0.525391 0.332520 0.039062 0.040039
0 0.395020 0.332520 0.030273 0.030273
0 0.558105 0.330078 0.020508 0.019531
0 0.887695 0.350586 0.062500 0.052734
0 0.301270 0.342773 0.032227 0.029297
0 0.639648 0.354004 0.044922 0.045898
0 0.788574 0.356934 0.043945 0.047852
0 0.416992 0.352539 0.035156 0.029297
0 0.545898 0.357910 0.035156 0.034180
0 0.325684 0.360840 0.032227 0.032227
0 0.199219 0.362305 0.033203 0.033203
0 0.050781 0.366211 0.042969 0.035156
0 0.442871 0.373047 0.043945 0.048828
0 0.584961 0.385742 0.062500 0.060547
0 0.163086 0.366699 0.015625 0.014648
0 0.222168 0.379883 0.038086 0.031250
0 0.821289 0.390625 0.062500 0.054688
0 0.350098 0.382324 0.036133 0.034180
0 0.911621 0.389648 0.041992 0.046875
0 0.135254 0.392578 0.034180 0.033203
0 0.470215 0.392578 0.034180 0.033203
0 0.029297 0.393555 0.033203 0.031250
0 0.249023 0.401367 0.033203 0.031250
0 0.939453 0.404297 0.039062 0.039062
0 0.371582 0.403320 0.034180 0.033203
0 0.397949 0.414551 0.038086 0.053711
0 0.430176 0.396484 0.016602 0.017578
0 0.981445 0.410645 0.037109 0.034180
0 0.157715 0.413574 0.038086 0.034180
0 0.184082 0.402832 0.012695 0.012695
0 0.625488 0.416016 0.030273 0.033203
0 0.730469 0.416992 0.039062 0.037109
0 0.013672 0.418945 0.027344 0.033203
0 0.484863 0.423828 0.045898 0.042969
0 0.270508 0.421875 0.033203 0.033203
0 0.854980 0.424805 0.036133 0.033203
0 0.187500 0.431641 0.041016 0.041016
0 0.710449 0.439453 0.036133 0.046875
0 0.445312 0.426270 0.015625 0.014648
0 0.515625 0.435547 0.033203 0.031250
0 0.883789 0.441895 0.042969 0.043945
0 0.291992 0.439453 0.044922 0.033203
0 0.769531 0.448730 0.044922 0.043945
0 0.913574 0.456543 0.057617 0.059570
0 0.419434 0.446289 0.032227 0.031250
0 0.213867 0.457520 0.039062 0.038086
0 0.534668 0.463379 0.047852 0.043945
0 0.686035 0.460938 0.040039 0.039062
0 0.077148 0.460938 0.035156 0.035156
0 0.318359 0.462402 0.033203 0.030273
0 0.445312 0.464355 0.033203 0.034180
0 0.105469 0.473633 0.035156 0.035156
0 0.506836 0.462402 0.015625 0.014648
0 0.797852 0.474609 0.031250 0.035156
0 0.493164 0.468262 0.017578 0.016602
0 0.345215 0.479980 0.032227 0.032227
0 0.708496 0.474121 0.014648 0.014648
0 0.662598 0.490723 0.032227 0.043945
0 0.932129 0.488281 0.036133 0.037109
0 0.468262 0.486816 0.034180 0.032227
0 0.130371 0.496094 0.034180 0.031250
0 0.822754 0.497070 0.030273 0.033203
0 0.039551 0.500977 0.030273 0.031250
0 0.367676 0.502930 0.034180 0.035156
0 0.494629 0.502441 0.030273 0.030273
0 0.954102 0.506836 0.037109 0.033203
0 0.071289 0.505859 0.023438 0.025391
0 0.840332 0.518555 0.047852 0.050781
0 0.634766 0.511719 0.035156 0.033203
0 0.154297 0.519531 0.033203 0.035156
0 0.391113 0.522461 0.038086 0.031250
0 0.059570 0.526367 0.035156 0.033203
0 0.284668 0.526367 0.034180 0.031250
0 0.980469 0.538086 0.039062 0.050781
0 0.333984 0.530762 0.025391 0.024414
0 0.611816 0.536621 0.034180 0.036133
0 0.355957 0.528809 0.014648 0.014648
0 0.873535 0.538574 0.030273 0.032227
0 0.179199 0.541016 0.036133 0.035156
0 0.738281 0.539062 0.025391 0.029297
0 0.085938 0.547363 0.033203 0.034180
0 0.415039 0.545898 0.033203 0.029297
0 0.693848 0.554199 0.038086 0.032227
0 0.849609 0.550781 0.025391 0.025391
0 0.360352 0.553711 0.025391 0.025391
0 0.898926 0.562500 0.032227 0.037109
0 0.208496 0.566895 0.036133 0.043945
0 0.824219 0.559082 0.025391 0.024414
0 0.338379 0.566895 0.034180 0.034180
0 0.447754 0.575684 0.059570 0.053711
0 0.106934 0.567871 0.030273 0.030273
0 0.798340 0.577637 0.038086 0.040039
0 0.178223 0.574707 0.028320 0.030273
0 0.234863 0.578613 0.034180 0.040039
0 0.656738 0.589844 0.065430 0.058594
0 0.925293 0.582031 0.032227 0.033203
0 0.133789 0.588867 0.033203 0.037109
0 0.246582 0.601074 0.063477 0.053711
0 0.364258 0.591797 0.035156 0.031250
0 0.825195 0.596191 0.037109 0.038086
0 0.403320 0.591797 0.019531 0.019531
0 0.161621 0.604492 0.038086 0.037109
0 0.952148 0.602539 0.031250 0.033203
0 0.027832 0.615234 0.041992 0.052734
0 0.437988 0.596191 0.012695 0.012695
0 0.852539 0.613281 0.041016 0.041016
0 0.389648 0.613281 0.035156 0.033203
0 0.540527 0.612793 0.032227 0.034180
0 0.285645 0.621582 0.038086 0.038086
0 0.895020 0.612305 0.022461 0.019531
0 0.575195 0.616211 0.017578 0.017578
0 0.623535 0.627441 0.032227 0.036133
0 0.751465 0.639648 0.063477 0.060547
0 0.975586 0.627441 0.035156 0.034180
0 0.055176 0.629883 0.036133 0.035156
0 0.514160 0.636719 0.030273 0.037109
0 0.194824 0.646484 0.059570 0.054688
0 0.085449 0.652832 0.040039 0.047852
0 0.309570 0.645996 0.035156 0.032227
0 0.898926 0.656250 0.038086 0.037109
0 0.493652 0.660645 0.032227 0.036133
0 0.606934 0.663574 0.030273 0.034180
0 0.814453 0.678223 0.037109 0.053711
0 0.332520 0.667969 0.032227 0.031250
0 0.233887 0.678223 0.032227 0.032227
0 0.017090 0.684082 0.020508 0.032227
0 0.969238 0.681641 0.022461 0.025391
0 0.995117 0.680176 0.009766 0.020508
0 0.058594 0.687500 0.021484 0.023438
0 0.131836 0.692871 0.033203 0.034180
0 0.715820 0.694824 0.037109 0.036133
0 0.945801 0.697754 0.034180 0.038086
0 0.034180 0.705566 0.033203 0.030273
0 0.490723 0.701172 0.022461 0.023438
0 0.854492 0.719727 0.058594 0.056641
0 0.973633 0.712891 0.039062 0.037109
0 0.156738 0.713867 0.032227 0.031250
0 0.739746 0.713379 0.036133 0.030273
0 0.507812 0.716797 0.035156 0.035156
0 0.802734 0.708984 0.019531 0.019531
0 0.078125 0.713379 0.019531 0.020508
0 0.283203 0.719727 0.033203 0.033203
0 0.058594 0.725586 0.033203 0.031250
0 0.407715 0.736328 0.045898 0.044922
0 0.177734 0.735352 0.041016 0.037109
0 0.636230 0.733398 0.038086 0.031250
0 0.824219 0.729492 0.023438 0.023438
0 0.315918 0.739258 0.040039 0.039062
0 0.763672 0.735352 0.037109 0.031250
0 0.531250 0.738770 0.033203 0.034180
0 0.084473 0.744141 0.036133 0.037109
0 0.662109 0.751953 0.033203 0.037109
0 0.889648 0.749512 0.037109 0.034180
0 0.846680 0.748047 0.021484 0.021484
0 0.436523 0.757324 0.039062 0.038086
0 0.787109 0.757812 0.035156 0.035156
0 0.558594 0.756348 0.037109 0.028320
0 0.593262 0.751953 0.014648 0.013672
0 0.687012 0.767090 0.040039 0.038086
0 0.108398 0.765137 0.033203 0.030273
0 0.915527 0.771484 0.036133 0.037109
0 0.812012 0.774902 0.038086 0.032227
0 0.476074 0.787598 0.055664 0.055664
0 0.225098 0.785156 0.047852 0.046875
0 0.583984 0.778809 0.039062 0.032227
0 0.011719 0.780762 0.021484 0.032227
0 0.410645 0.773926 0.012695 0.012695
0 0.133301 0.786133 0.034180 0.033203
0 0.836426 0.797852 0.038086 0.033203
0 0.254395 0.802246 0.038086 0.038086
0 0.604492 0.800781 0.037109 0.035156
0 0.647949 0.797363 0.020508 0.022461
0 0.984863 0.804199 0.030273 0.032227
0 0.382324 0.807129 0.036133 0.036133
0 0.868652 0.813965 0.036133 0.034180
0 0.627441 0.820312 0.034180 0.037109
0 0.410645 0.821777 0.043945 0.038086
0 0.056152 0.820312 0.032227 0.031250
0 0.462402 0.816406 0.012695 0.013672
0 0.971191 0.837402 0.045898 0.053711
0 0.759277 0.832520 0.032227 0.036133
0 0.441895 0.823242 0.012695 0.011719
0 0.533691 0.839844 0.036133 0.035156
0 0.080078 0.841797 0.031250 0.031250
0 0.305664 0.852051 0.042969 0.041992
0 0.432129 0.849121 0.038086 0.036133
0 0.665039 0.847656 0.046875 0.033203
0 0.937988 0.849609 0.036133 0.037109
0 0.495117 0.846191 0.015625 0.014648
0 0.709961 0.856934 0.035156 0.036133
0 0.464844 0.861816 0.052734 0.036133
0 0.056152 0.857422 0.024414 0.023438
0 0.029297 0.857910 0.019531 0.020508
0 0.555664 0.863281 0.039062 0.031250
0 0.801270 0.868164 0.040039 0.039062
0 0.493652 0.861328 0.012695 0.013672
0 0.915039 0.872070 0.031250 0.037109
0 0.765137 0.868652 0.026367 0.024414
0 0.011230 0.879395 0.022461 0.032227
0 0.270508 0.889160 0.044922 0.049805
0 0.358398 0.885254 0.033203 0.036133
0 0.666992 0.884766 0.031250 0.029297
0 0.124512 0.887695 0.034180 0.029297
0 0.779297 0.891113 0.035156 0.036133
0 0.754883 0.882812 0.013672 0.013672
0 0.031250 0.895996 0.037109 0.034180
0 0.383789 0.905273 0.029297 0.035156
0 0.506836 0.906738 0.041016 0.038086
0 0.149902 0.908691 0.036133 0.036133
0 0.282227 0.915039 0.035156 0.035156
0 0.867188 0.916016 0.037109 0.037109
0 0.056152 0.916504 0.030273 0.032227
0 0.646484 0.917480 0.031250 0.034180
0 0.417480 0.934570 0.063477 0.054688
0 0.529785 0.923340 0.040039 0.034180
0 0.083496 0.931641 0.038086 0.044922
0 0.126465 0.921875 0.014648 0.013672
0 0.308594 0.932617 0.041016 0.031250
0 0.729980 0.936523 0.034180 0.031250
0 0.842773 0.939453 0.037109 0.037109
0 0.622559 0.941406 0.032227 0.037109
0 0.816895 0.960449 0.038086 0.040039
0 0.335449 0.959473 0.034180 0.030273
0 0.452637 0.967285 0.036133 0.030273
0 0.370605 0.977051 0.061523 0.045898
0 0.407227 0.961914 0.019531 0.017578
0 0.688477 0.977539 0.033203 0.037109
0 0.796875 0.979492 0.037109 0.033203
0 0.573242 0.982910 0.039062 0.034180
0 0.843750 0.974121 0.015625 0.014648
0 0.166992 0.985840 0.042969 0.028320
0 0.478027 0.985840 0.032227 0.028320
0 0.023438 0.986328 0.033203 0.027344
0 0.257324 0.988770 0.032227 0.022461
0 0.410645 0.984375 0.014648 0.013672
0 0.773926 0.991699 0.036133 0.016602
0 0.505371 0.994141 0.032227 0.011719
0 0.544922 0.994629 0.025391 0.010742
1 0.629395 0.139648 0.030273 0.033203
1 0.682617 0.270020 0.037109 0.036133
1 0.957031 0.295898 0.048828 0.041016
1 0.117188 0.297852 0.035156 0.033203
1 0.175781 0.343262 0.039062 0.038086
1 0.073730 0.345215 0.032227 0.034180
1 0.562500 0.478516 0.029297 0.033203
1 0.310547 0.548828 0.035156 0.033203
1 0.564941 0.590820 0.036133 0.041016
1 0.416992 0.626953 0.033203 0.035156
1 0.875488 0.636230 0.040039 0.038086
1 0.992676 0.644043 0.014648 0.034180
1 0.689453 0.670898 0.041016 0.035156
1 0.469238 0.682617 0.034180 0.035156
1 0.354492 0.694336 0.035156 0.035156
1 0.258301 0.696777 0.032227 0.036133
1 0.610840 0.701660 0.032227 0.028320
1 0.365723 0.786621 0.036133 0.040039
1 0.166504 0.798828 0.051758 0.052734
1 0.709473 0.793457 0.038086 0.028320
1 0.508789 0.818359 0.035156 0.037109
1 0.181152 0.829590 0.034180 0.034180
1 0.211914 0.842285 0.033203 0.032227
1 0.333496 0.866211 0.038086 0.033203
1 0.894043 0.897949 0.038086 0.043945
1 0.750488 0.912109 0.032227 0.039062
1 0.206055 0.954102 0.035156 0.037109
1 0.104492 0.957031 0.039062 0.039062
1 0.708496 0.960938 0.036133 0.033203
1 0.597656 0.963379 0.033203 0.036133
1 0.229492 0.976562 0.037109 0.037109
1 0.666504 0.991211 0.036133 0.017578
2 0.108398 0.668945 0.029297 0.029297
2 0.032227 0.800781 0.031250 0.031250
2 0.578125 0.880859 0.041016 0.041016
2 0.482422 0.886719 0.041016 0.037109
