0 0.063477 0.017090 0.023438 0.020508
0 0.107910 0.022461 0.045898 0.031250
0 0.714844 0.021484 0.035156 0.029297
0 0.864258 0.027344 0.031250 0.041016
0 0.462402 0.020508 0.040039 0.025391
0 0.609375 0.042969 0.042969 0.062500
0 0.089844 0.043457 0.058594 0.051758
0 0.558594 0.032715 0.031250 0.030273
0 0.225586 0.048828 0.046875 0.048828
0 0.697754 0.067383 0.045898 0.074219
0 0.521973 0.055176 0.045898 0.040039
0 0.848633 0.060547 0.042969 0.048828
0 0.573242 0.049805 0.013672 0.011719
0 0.018066 0.078613 0.022461 0.047852
0 0.822754 0.061523 0.012695 0.013672
0 0.562988 0.085938 0.049805 0.056641
0 0.935059 0.084961 0.040039 0.042969
0 0.170410 0.085449 0.036133 0.040039
0 0.625488 0.083008 0.018555 0.019531
0 0.983398 0.109375 0.033203 0.074219
0 0.824219 0.099609 0.039062 0.044922
0 0.199219 0.103027 0.044922 0.040039
0 0.789062 0.120605 0.042969 0.051758
0 0.909180 0.116699 0.046875 0.036133
0 0.081543 0.124023 0.049805 0.035156
0 0.228027 0.130371 0.043945 0.032227
0 0.060547 0.148926 0.042969 0.040039
0 0.877930 0.147949 0.035156 0.038086
0 0.137207 0.158203 0.036133 0.037109
0 0.406738 0.179688 0.053711 0.070312
0 0.764160 0.163574 0.045898 0.036133
0 0.046387 0.179688 0.043945 0.046875
0 0.232910 0.186035 0.040039 0.055664
0 0.080566 0.170410 0.014648 0.016602
0 0.110352 0.187012 0.056641 0.043945
0 0.303711 0.203125 0.068359 0.076172
0 0.738770 0.191895 0.041992 0.034180
0 0.922852 0.197754 0.037109 0.036133
0 0.830566 0.208496 0.049805 0.047852
0 0.026855 0.208496 0.038086 0.041992
0 0.202637 0.219727 0.040039 0.039062
0 0.706543 0.222656 0.040039 0.041016
0 0.966797 0.225586 0.041016 0.033203
0 0.323242 0.250488 0.048828 0.055664
0 0.076660 0.244141 0.041992 0.035156
0 0.179199 0.252441 0.047852 0.047852
0 0.684570 0.256348 0.039062 0.034180
0 0.773438 0.265137 0.039062 0.040039
0 0.053223 0.274414 0.045898 0.042969
0 0.162109 0.273438 0.044922 0.039062
0 0.653809 0.275879 0.038086 0.043945
0 0.027344 0.266113 0.015625 0.016602
0 0.982910 0.282227 0.034180 0.039062
0 0.401855 0.287598 0.047852 0.041992
0 0.957031 0.308105 0.048828 0.073242
0 0.899902 0.305664 0.057617 0.056641
0 0.747070 0.301758 0.037109 0.041016
0 0.277832 0.312500 0.051758 0.046875
0 0.145508 0.311523 0.056641 0.037109
0 0.502930 0.324219 0.046875 0.037109
0 0.719238 0.324219 0.040039 0.033203
0 0.119141 0.337402 0.050781 0.045898
0 0.020996 0.336914 0.028320 0.037109
0 0.695312 0.354004 0.062500 0.049805
0 0.863281 0.352539 0.041016 0.035156
0 0.478027 0.354492 0.038086 0.037109
0 0.092285 0.368164 0.034180 0.035156
0 0.824707 0.364746 0.024414 0.024414
0 0.212402 0.376465 0.073242 0.043945
0 0.459961 0.381348 0.035156 0.032227
0 0.749023 0.383301 0.031250 0.032227
0 0.074707 0.390137 0.038086 0.040039
0 0.175293 0.406738 0.051758 0.075195
0 0.327637 0.394043 0.045898 0.049805
0 0.135742 0.390625 0.023438 0.027344
0 0.897949 0.405762 0.045898 0.040039
0 0.444824 0.412598 0.043945 0.026367
0 0.055664 0.426758 0.052734 0.052734
0 0.557129 0.444824 0.061523 0.081055
0 0.937012 0.430176 0.049805 0.051758
0 0.594238 0.435059 0.028320 0.028320
0 0.870605 0.443359 0.059570 0.042969
0 0.907227 0.436523 0.021484 0.019531
0 0.963379 0.450684 0.045898 0.047852
0 0.804199 0.482910 0.079102 0.081055
0 0.029297 0.467773 0.042969 0.048828
0 0.159180 0.465820 0.046875 0.037109
0 0.406250 0.479492 0.048828 0.058594
0 0.921875 0.488770 0.046875 0.065430
0 0.950195 0.475586 0.017578 0.017578
0 0.651367 0.492676 0.066406 0.043945
0 0.124023 0.504883 0.060547 0.056641
0 0.616211 0.539062 0.054688 0.044922
0 0.088379 0.542480 0.043945 0.043945
0 0.709473 0.570312 0.045898 0.056641
0 0.665039 0.579102 0.052734 0.058594
0 0.060059 0.582520 0.049805 0.034180
0 0.601074 0.580078 0.030273 0.027344
0 0.571777 0.590332 0.043945 0.041992
0 0.189941 0.607422 0.057617 0.054688
0 0.452637 0.604492 0.047852 0.039062
0 0.039062 0.609375 0.058594 0.046875
0 0.640625 0.613281 0.046875 0.050781
0 0.538086 0.632812 0.039062 0.058594
0 0.309570 0.628906 0.046875 0.041016
0 0.425293 0.641602 0.045898 0.052734
0 0.141602 0.656250 0.070312 0.074219
0 0.399414 0.671875 0.035156 0.041016
0 0.564453 0.673828 0.041016 0.044922
0 0.637207 0.677734 0.049805 0.048828
0 0.263672 0.688965 0.050781 0.053711
0 0.506348 0.690918 0.047852 0.057617
0 0.734375 0.697754 0.062500 0.061523
0 0.388184 0.707520 0.057617 0.041992
0 0.112305 0.718750 0.054688 0.060547
0 0.424316 0.700195 0.024414 0.023438
0 0.697266 0.719238 0.056641 0.041992
0 0.239258 0.722656 0.048828 0.046875
0 0.636719 0.739746 0.097656 0.081055
0 0.363770 0.743164 0.063477 0.048828
0 0.818359 0.747559 0.046875 0.047852
0 0.400391 0.736816 0.023438 0.024414
0 0.078613 0.756836 0.045898 0.039062
0 0.491211 0.763184 0.035156 0.040039
0 0.714844 0.752930 0.021484 0.021484
0 0.791992 0.769043 0.042969 0.038086
0 0.414551 0.789062 0.053711 0.064453
0 0.327637 0.778320 0.047852 0.029297
0 0.604980 0.792480 0.077148 0.053711
0 0.845215 0.794922 0.043945 0.050781
0 0.766602 0.795410 0.041016 0.036133
0 0.294922 0.816406 0.035156 0.033203
0 0.744141 0.822266 0.042969 0.039062
0 0.168457 0.831055 0.053711 0.048828
0 0.824707 0.829590 0.038086 0.038086
0 0.440918 0.861328 0.083008 0.097656
0 0.722656 0.846680 0.041016 0.037109
0 0.086914 0.847656 0.023438 0.025391
0 0.376953 0.846680 0.025391 0.025391
0 0.125977 0.864258 0.048828 0.052734
0 0.326172 0.850586 0.015625 0.017578
0 0.892090 0.864746 0.047852 0.043945
0 0.059082 0.874023 0.036133 0.042969
0 0.703613 0.873047 0.049805 0.041016
0 0.399414 0.875000 0.031250 0.029297
0 0.773438 0.883301 0.044922 0.045898
0 0.546387 0.889648 0.047852 0.056641
0 0.094727 0.911621 0.050781 0.075195
0 0.856934 0.906738 0.067383 0.065430
0 0.677734 0.896973 0.048828 0.041992
0 0.295410 0.885254 0.020508 0.016602
0 0.515137 0.926758 0.057617 0.050781
0 0.656250 0.924805 0.042969 0.039062
0 0.725098 0.934082 0.049805 0.051758
0 0.365234 0.943848 0.046875 0.051758
0 0.483398 0.952637 0.060547 0.053711
0 0.821777 0.946777 0.040039 0.038086
0 0.629883 0.952148 0.041016 0.037109
0 0.700195 0.961914 0.054688 0.050781
0 0.656250 0.960938 0.019531 0.021484
0 0.608887 0.977051 0.041992 0.036133
0 0.314453 0.976562 0.027344 0.027344
0 0.676270 0.983398 0.036133 0.033203
0 0.776367 0.990234 0.041016 0.019531
1 0.495117 0.030762 0.044922 0.041992
1 0.028320 0.051758 0.037109 0.029297
1 0.655273 0.074707 0.035156 0.047852
1 0.599121 0.136230 0.079102 0.061523
1 0.675293 0.162109 0.067383 0.105469
1 0.600098 0.176270 0.049805 0.049805
1 0.100098 0.212891 0.040039 0.050781
1 0.802246 0.236328 0.038086 0.041016
1 0.524414 0.305664 0.044922 0.050781
1 0.782715 0.349121 0.055664 0.067383
1 0.542480 0.390625 0.067383 0.052734
1 0.474121 0.495605 0.051758 0.051758
1 0.217285 0.558105 0.036133 0.038086
1 0.577637 0.849609 0.040039 0.048828
1 0.796387 0.852051 0.036133 0.049805
1 0.276367 0.854492 0.046875 0.050781
1 0.751953 0.914062 0.039062 0.037109
1 0.799805 0.972656 0.044922 0.041016
2 0.037598 0.303223 0.034180 0.038086
2 0.482422 0.443359 0.029297 0.029297
