0 0.331055 0.009277 0.025391 0.018555
0 0.448242 0.009277 0.041016 0.018555
0 0.639648 0.008301 0.017578 0.016602
0 0.760254 0.009766 0.034180 0.019531
0 0.665527 0.018555 0.028320 0.031250
0 0.543457 0.021973 0.030273 0.030273
0 0.864746 0.025879 0.043945 0.038086
0 0.974609 0.026367 0.050781 0.037109
0 0.434082 0.042480 0.045898 0.055664
0 0.742188 0.028809 0.027344 0.028320
0 0.320801 0.032227 0.036133 0.033203
0 0.096680 0.034668 0.037109 0.034180
0 0.010742 0.035645 0.021484 0.026367
0 0.123047 0.044434 0.037109 0.040039
0 0.642090 0.040039 0.038086 0.033203
0 0.952637 0.047363 0.038086 0.038086
0 0.779297 0.040039 0.019531 0.019531
0 0.813477 0.037598 0.019531 0.016602
0 0.386719 0.049805 0.039062 0.035156
0 0.852539 0.055664 0.035156 0.037109
0 0.740234 0.069824 0.046875 0.059570
0 0.615234 0.048340 0.013672 0.012695
0 0.145996 0.064941 0.040039 0.043945
0 0.830566 0.071777 0.045898 0.043945
0 0.940430 0.074707 0.042969 0.041992
0 0.172852 0.079102 0.041016 0.046875
0 0.629883 0.067871 0.027344 0.026367
0 0.048828 0.066895 0.021484 0.018555
0 0.978027 0.066406 0.012695 0.011719
0 0.410156 0.082520 0.033203 0.034180
0 0.988281 0.080078 0.023438 0.029297
0 0.717285 0.081055 0.030273 0.027344
0 0.035645 0.082520 0.032227 0.028320
0 0.347656 0.080078 0.015625 0.019531
0 0.329102 0.083496 0.017578 0.016602
0 0.616211 0.090820 0.029297 0.033203
0 0.965332 0.086914 0.016602 0.019531
0 0.502441 0.097656 0.034180 0.035156
0 0.918945 0.114258 0.062500 0.068359
0 0.061035 0.096680 0.032227 0.025391
0 0.817383 0.103516 0.041016 0.035156
0 0.102051 0.096191 0.012695 0.012695
0 0.397461 0.105469 0.027344 0.029297
0 0.377930 0.121582 0.046875 0.053711
0 0.702148 0.107422 0.025391 0.025391
0 0.985352 0.123047 0.029297 0.044922
0 0.797852 0.125977 0.056641 0.044922
0 0.488281 0.122559 0.033203 0.028320
0 0.604980 0.121582 0.026367 0.028320
0 0.012695 0.127441 0.025391 0.036133
0 0.686035 0.132324 0.032227 0.030273
0 0.038086 0.139648 0.033203 0.035156
0 0.950195 0.137695 0.027344 0.029297
0 0.269531 0.142090 0.035156 0.028320
0 0.589355 0.145020 0.034180 0.030273
0 0.163086 0.151367 0.033203 0.035156
0 0.471191 0.150391 0.030273 0.027344
0 0.966797 0.157715 0.033203 0.036133
0 0.062012 0.156250 0.032227 0.029297
0 0.673340 0.158203 0.026367 0.025391
0 0.711914 0.154297 0.017578 0.017578
0 0.797363 0.158203 0.028320 0.025391
0 0.090332 0.166992 0.036133 0.041016
0 0.493164 0.153320 0.013672 0.013672
0 0.250488 0.167480 0.032227 0.030273
0 0.563477 0.168945 0.050781 0.031250
0 0.932129 0.162598 0.022461 0.020508
0 0.759766 0.163086 0.017578 0.017578
0 0.879395 0.178711 0.045898 0.042969
0 0.279785 0.170898 0.026367 0.021484
0 0.542969 0.187500 0.060547 0.048828
0 0.690430 0.178223 0.025391 0.024414
0 0.659180 0.184082 0.029297 0.032227
0 0.777344 0.185547 0.031250 0.033203
0 0.234863 0.190430 0.030273 0.027344
0 0.735352 0.182129 0.011719 0.012695
0 0.352539 0.189453 0.027344 0.023438
0 0.907227 0.188477 0.011719 0.013672
0 0.258789 0.196777 0.021484 0.020508
0 0.759277 0.203125 0.038086 0.031250
0 0.333984 0.209961 0.046875 0.041016
0 0.514160 0.203125 0.028320 0.025391
0 0.917480 0.222168 0.049805 0.063477
0 0.644043 0.208496 0.026367 0.024414
0 0.222168 0.231445 0.055664 0.058594
0 0.426758 0.224609 0.033203 0.031250
0 0.717285 0.222656 0.020508 0.021484
0 0.024902 0.231445 0.034180 0.035156
0 0.250977 0.223633 0.017578 0.017578
0 0.750977 0.233887 0.035156 0.034180
0 0.630859 0.236816 0.033203 0.034180
0 0.666992 0.231934 0.023438 0.020508
0 0.993164 0.241699 0.013672 0.034180
0 0.659668 0.249023 0.032227 0.031250
0 0.696777 0.244141 0.018555 0.017578
0 0.416992 0.258301 0.037109 0.041992
0 0.440918 0.245605 0.012695 0.012695
0 0.734863 0.263672 0.034180 0.033203
0 0.098633 0.265625 0.035156 0.033203
0 0.612793 0.261230 0.030273 0.026367
0 0.076660 0.260254 0.012695 0.014648
0 0.980957 0.270996 0.038086 0.038086
0 0.226074 0.264648 0.018555 0.015625
0 0.198730 0.272461 0.038086 0.029297
0 0.653320 0.281250 0.031250 0.037109
0 0.713867 0.282715 0.042969 0.036133
0 0.514648 0.281250 0.029297 0.031250
0 0.867188 0.286133 0.048828 0.041016
0 0.399902 0.282715 0.036133 0.030273
0 0.231445 0.280762 0.017578 0.014648
0 0.041992 0.282715 0.013672 0.014648
0 0.674316 0.282715 0.012695 0.012695
0 0.300293 0.292969 0.028320 0.029297
0 0.426758 0.287109 0.017578 0.017578
0 0.179199 0.293457 0.024414 0.024414
0 0.951660 0.315430 0.059570 0.066406
0 0.838867 0.294922 0.027344 0.023438
0 0.498535 0.303223 0.030273 0.032227
0 0.397461 0.308105 0.044922 0.036133
0 0.456055 0.304688 0.025391 0.023438
0 0.081055 0.312500 0.031250 0.033203
0 0.707031 0.311523 0.031250 0.033203
0 0.275879 0.316406 0.049805 0.035156
0 0.854980 0.319336 0.032227 0.035156
0 0.984863 0.311523 0.014648 0.013672
0 0.049805 0.321289 0.023438 0.023438
0 0.168457 0.322754 0.026367 0.026367
0 0.372559 0.333008 0.034180 0.037109
0 0.484863 0.329102 0.032227 0.023438
0 0.070312 0.333496 0.023438 0.024414
0 0.234375 0.334473 0.019531 0.018555
0 0.268066 0.343262 0.036133 0.034180
0 0.574707 0.343750 0.034180 0.033203
0 0.395508 0.339355 0.023438 0.022461
0 0.833008 0.349121 0.033203 0.036133
0 0.965332 0.340332 0.016602 0.018555
0 0.191895 0.344238 0.024414 0.022461
0 0.154297 0.355957 0.033203 0.036133
0 0.358398 0.358398 0.033203 0.037109
0 0.922363 0.358398 0.043945 0.035156
0 0.056641 0.371582 0.044922 0.055664
0 0.802246 0.358398 0.024414 0.023438
0 0.432129 0.354004 0.016602 0.012695
0 0.562500 0.369141 0.039062 0.035156
0 0.993652 0.364746 0.012695 0.020508
0 0.385742 0.368652 0.019531 0.020508
0 0.229004 0.367188 0.014648 0.013672
0 0.255859 0.371582 0.027344 0.022461
0 0.812988 0.378418 0.032227 0.034180
0 0.628906 0.377441 0.031250 0.028320
0 0.185059 0.376465 0.024414 0.020508
0 0.954102 0.373535 0.013672 0.014648
0 0.222656 0.377441 0.017578 0.016602
0 0.896973 0.388184 0.034180 0.036133
0 0.410156 0.383789 0.021484 0.025391
0 0.658203 0.388184 0.042969 0.034180
0 0.538574 0.408203 0.045898 0.060547
0 0.240234 0.398438 0.029297 0.031250
0 0.573730 0.402832 0.024414 0.022461
0 0.330566 0.412109 0.032227 0.029297
0 0.989258 0.415039 0.021484 0.037109
0 0.875977 0.421875 0.037109 0.044922
0 0.400879 0.409180 0.022461 0.017578
0 0.223633 0.419434 0.041016 0.034180
0 0.419922 0.426270 0.050781 0.036133
0 0.310547 0.451660 0.052734 0.051758
0 0.014648 0.447754 0.029297 0.040039
0 0.633789 0.443848 0.035156 0.028320
0 0.970215 0.445801 0.032227 0.032227
0 0.209961 0.449707 0.041016 0.036133
0 0.520020 0.446777 0.036133 0.030273
0 0.100586 0.456543 0.033203 0.032227
0 0.505859 0.473633 0.029297 0.039062
0 0.620117 0.467773 0.029297 0.029297
0 0.837891 0.471680 0.035156 0.033203
0 0.173340 0.471191 0.022461 0.018555
0 0.569824 0.474609 0.022461 0.025391
0 0.545410 0.469238 0.012695 0.012695
0 0.201172 0.479980 0.027344 0.030273
0 0.094727 0.488281 0.042969 0.037109
0 0.403809 0.483887 0.032227 0.030273
0 0.152344 0.477539 0.013672 0.013672
0 0.281738 0.487305 0.026367 0.029297
0 0.542480 0.484375 0.014648 0.013672
0 0.596680 0.493652 0.039062 0.030273
0 0.182617 0.499512 0.031250 0.036133
0 0.149414 0.490723 0.019531 0.016602
0 0.069336 0.507324 0.027344 0.028320
0 0.320312 0.503906 0.023438 0.023438
0 0.549805 0.503418 0.019531 0.022461
0 0.519531 0.505371 0.025391 0.020508
0 0.141602 0.508301 0.021484 0.022461
0 0.582031 0.514160 0.050781 0.036133
0 0.908691 0.521973 0.051758 0.049805
0 0.270996 0.518066 0.038086 0.040039
0 0.379395 0.512695 0.045898 0.029297
0 0.166016 0.528320 0.041016 0.033203
0 0.060547 0.536133 0.035156 0.041016
0 0.374512 0.534668 0.036133 0.034180
0 0.692383 0.529297 0.023438 0.019531
0 0.562500 0.529785 0.013672 0.014648
0 0.260254 0.541016 0.038086 0.035156
0 0.823242 0.534668 0.015625 0.018555
0 0.676270 0.558105 0.049805 0.061523
0 0.576172 0.547852 0.027344 0.029297
0 0.153809 0.553223 0.034180 0.032227
0 0.897461 0.557617 0.042969 0.037109
0 0.809570 0.549316 0.013672 0.014648
0 0.245605 0.568848 0.041992 0.038086
0 0.359375 0.567871 0.031250 0.032227
0 0.764160 0.580078 0.055664 0.058594
0 0.559082 0.571289 0.034180 0.029297
0 0.980957 0.575684 0.038086 0.038086
0 0.446777 0.572754 0.040039 0.028320
0 0.870605 0.581055 0.045898 0.044922
0 0.144531 0.582031 0.025391 0.027344
0 0.041992 0.590820 0.056641 0.041016
0 0.324219 0.582031 0.015625 0.013672
0 0.659180 0.593262 0.037109 0.038086
0 0.224609 0.593262 0.027344 0.032227
0 0.278809 0.584473 0.020508 0.016602
0 0.111816 0.602051 0.063477 0.041992
0 0.549316 0.597656 0.026367 0.027344
0 0.967285 0.604004 0.051758 0.038086
0 0.424805 0.599609 0.029297 0.025391
0 0.843750 0.629395 0.058594 0.075195
0 0.329590 0.614258 0.040039 0.035156
0 0.023438 0.616211 0.033203 0.033203
0 0.265625 0.606445 0.013672 0.013672
0 0.740723 0.619141 0.040039 0.039062
0 0.528809 0.620117 0.032227 0.031250
0 0.646973 0.619629 0.030273 0.030273
0 0.221680 0.623535 0.042969 0.034180
0 0.777832 0.618164 0.022461 0.021484
0 0.399414 0.640625 0.044922 0.058594
0 0.280762 0.621582 0.012695 0.014648
0 0.940430 0.633301 0.044922 0.040039
0 0.110840 0.632812 0.043945 0.035156
0 0.305176 0.649414 0.051758 0.060547
0 0.792480 0.628906 0.012695 0.013672
0 0.720215 0.642090 0.034180 0.034180
0 0.198730 0.645020 0.024414 0.028320
0 0.092773 0.654297 0.042969 0.041016
0 0.517578 0.649414 0.035156 0.029297
0 0.975586 0.646973 0.025391 0.024414
0 0.594727 0.645996 0.021484 0.018555
0 0.991699 0.659668 0.016602 0.043945
0 0.225098 0.649414 0.018555 0.017578
0 0.701172 0.666016 0.035156 0.039062
0 0.416016 0.665039 0.033203 0.033203
0 0.607422 0.671387 0.037109 0.038086
0 0.772461 0.659180 0.011719 0.013672
0 0.189453 0.675293 0.035156 0.028320
0 0.086914 0.681152 0.033203 0.036133
0 0.442383 0.680176 0.025391 0.030273
0 0.789062 0.691895 0.044922 0.043945
0 0.043457 0.686523 0.016602 0.015625
0 0.989746 0.700684 0.020508 0.036133
0 0.167480 0.697266 0.024414 0.027344
0 0.469238 0.698730 0.028320 0.028320
0 0.287598 0.697754 0.030273 0.024414
0 0.776855 0.711914 0.047852 0.042969
0 0.231445 0.705566 0.017578 0.018555
0 0.074707 0.712891 0.032227 0.029297
0 0.566406 0.729492 0.056641 0.064453
0 0.263184 0.726562 0.038086 0.042969
0 0.166016 0.728516 0.048828 0.031250
0 0.657227 0.743164 0.033203 0.041016
0 0.060547 0.739746 0.033203 0.030273
0 0.855957 0.743164 0.026367 0.027344
0 0.899414 0.743652 0.031250 0.030273
0 0.141113 0.745605 0.020508 0.022461
0 0.204590 0.747070 0.020508 0.019531
0 0.336914 0.746094 0.019531 0.019531
0 0.745117 0.757324 0.048828 0.038086
0 0.422852 0.761719 0.029297 0.042969
0 0.357910 0.751953 0.018555 0.017578
0 0.885254 0.764160 0.032227 0.034180
0 0.442383 0.767578 0.029297 0.033203
0 0.632812 0.769043 0.033203 0.038086
0 0.953613 0.766602 0.036133 0.033203
0 0.131836 0.767578 0.031250 0.031250
0 0.849121 0.768066 0.040039 0.032227
0 0.350098 0.763184 0.014648 0.012695
0 0.381836 0.764648 0.017578 0.015625
0 0.038086 0.769531 0.021484 0.021484
0 0.727539 0.779785 0.042969 0.041992
0 0.332031 0.775391 0.033203 0.031250
0 0.679688 0.772949 0.013672 0.014648
0 0.839844 0.790527 0.050781 0.043945
0 0.916504 0.806641 0.073242 0.070312
0 0.619141 0.792969 0.037109 0.039062
0 0.524902 0.795898 0.034180 0.039062
0 0.714355 0.800293 0.043945 0.041992
0 0.281738 0.821289 0.057617 0.056641
0 0.699219 0.819824 0.048828 0.041992
0 0.819824 0.824707 0.051758 0.049805
0 0.408203 0.821289 0.027344 0.027344
0 0.610840 0.816406 0.020508 0.019531
0 0.589844 0.830566 0.031250 0.038086
0 0.246582 0.838867 0.034180 0.039062
0 0.377441 0.828125 0.022461 0.017578
0 0.688965 0.845703 0.040039 0.037109
0 0.800293 0.857910 0.059570 0.063477
0 0.046875 0.844727 0.019531 0.023438
0 0.227539 0.863281 0.041016 0.062500
0 0.021484 0.846191 0.025391 0.022461
0 0.139160 0.849121 0.022461 0.022461
0 0.896973 0.854004 0.028320 0.032227
0 0.077637 0.855957 0.018555 0.032227
0 0.111328 0.851562 0.023438 0.023438
0 0.163574 0.856445 0.018555 0.033203
0 0.194336 0.856445 0.023438 0.033203
0 0.353516 0.849609 0.019531 0.019531
0 0.668945 0.866211 0.044922 0.041016
0 0.984375 0.872559 0.031250 0.045898
0 0.301758 0.868652 0.029297 0.032227
0 0.558594 0.874512 0.037109 0.040039
0 0.378418 0.870605 0.028320 0.030273
0 0.598145 0.880371 0.024414 0.026367
0 0.027344 0.875977 0.007812 0.009766
0 0.653809 0.895508 0.038086 0.042969
0 0.969727 0.895996 0.031250 0.032227
0 0.331543 0.893066 0.022461 0.020508
0 0.990723 0.907715 0.018555 0.022461
0 0.621094 0.939453 0.058594 0.062500
0 0.725586 0.953125 0.068359 0.068359
0 0.993164 0.958496 0.013672 0.026367
0 0.532227 0.977539 0.066406 0.044922
0 0.910645 0.973145 0.030273 0.028320
0 0.893555 0.987793 0.025391 0.024414
0 0.940918 0.987305 0.024414 0.025391
0 0.981934 0.987305 0.036133 0.025391
1 0.017090 0.015137 0.034180 0.030273
1 0.074707 0.019531 0.034180 0.037109
1 0.533203 0.047852 0.041016 0.035156
1 0.302734 0.075195 0.050781 0.054688
1 0.516113 0.069824 0.032227 0.032227
1 0.145020 0.188965 0.043945 0.053711
1 0.945312 0.186523 0.031250 0.035156
1 0.543457 0.221191 0.036133 0.034180
1 0.047852 0.245117 0.033203 0.050781
1 0.816406 0.283691 0.058594 0.075195
1 0.463867 0.350098 0.056641 0.053711
1 0.661621 0.354004 0.059570 0.049805
1 0.024902 0.360352 0.030273 0.033203
1 0.140625 0.378906 0.031250 0.029297
1 0.458984 0.380859 0.037109 0.033203
1 0.127441 0.404785 0.034180 0.032227
1 0.444824 0.403320 0.032227 0.029297
1 0.753906 0.430176 0.087891 0.079102
1 0.866211 0.491211 0.027344 0.031250
1 0.821777 0.494141 0.034180 0.035156
1 0.486816 0.495117 0.034180 0.033203
1 0.053223 0.570312 0.045898 0.042969
1 0.345703 0.590820 0.037109 0.033203
1 0.626953 0.644043 0.035156 0.034180
1 0.026367 0.677246 0.017578 0.016602
1 0.876953 0.714844 0.033203 0.037109
1 0.352539 0.719727 0.031250 0.035156
1 0.975098 0.731445 0.043945 0.042969
1 0.762207 0.732422 0.043945 0.042969
1 0.163086 0.770020 0.035156 0.038086
1 0.273438 0.885254 0.031250 0.038086
1 0.956543 0.936523 0.061523 0.031250
2 0.204590 0.094238 0.040039 0.041992
2 0.895020 0.155762 0.041992 0.045898
2 0.867188 0.206543 0.042969 0.043945
2 0.018066 0.329590 0.020508 0.022461
2 0.345703 0.386230 0.037109 0.036133
2 0.650879 0.419434 0.024414 0.026367
2 0.113770 0.431152 0.040039 0.040039
2 0.807617 0.518066 0.035156 0.032227
2 0.468750 0.521484 0.025391 0.027344
2 0.789062 0.542969 0.031250 0.033203
2 0.808105 0.677734 0.045898 0.035156
2 0.687500 0.691895 0.041016 0.038086
2 0.373535 0.735352 0.034180 0.039062
2 0.396973 0.746094 0.032227 0.035156
2 0.237305 0.758789 0.031250 0.027344
2 0.879883 0.876953 0.033203 0.035156
2 0.354980 0.891602 0.049805 0.042969
2 0.853027 0.909668 0.036133 0.034180
2 0.144043 0.948730 0.288086 0.096680
3 0.008789 0.355957 0.017578 0.032227
3 0.394043 0.849609 0.028320 0.027344
