0 0.037109 0.016602 0.039062 0.019531
0 0.948242 0.023926 0.050781 0.034180
0 0.274902 0.015137 0.020508 0.014648
0 0.247559 0.033691 0.038086 0.041992
0 0.560547 0.037109 0.046875 0.048828
0 0.369141 0.038574 0.037109 0.038086
0 0.126953 0.058105 0.041016 0.049805
0 0.270996 0.055176 0.028320 0.040039
0 0.034668 0.066406 0.036133 0.044922
0 0.150879 0.085938 0.045898 0.066406
0 0.337402 0.075684 0.043945 0.034180
0 0.903320 0.095703 0.058594 0.048828
0 0.183105 0.094727 0.036133 0.033203
0 0.108398 0.095215 0.025391 0.026367
0 0.206543 0.107422 0.034180 0.031250
0 0.023926 0.117188 0.034180 0.033203
0 0.067383 0.109375 0.015625 0.013672
0 0.420410 0.122070 0.038086 0.039062
0 0.232910 0.125488 0.038086 0.041992
0 0.872559 0.130859 0.040039 0.052734
0 0.991211 0.120117 0.017578 0.033203
0 0.303711 0.130371 0.041016 0.040039
0 0.504395 0.124512 0.020508 0.020508
0 0.693359 0.132812 0.029297 0.031250
0 0.051270 0.140137 0.047852 0.040039
0 0.284668 0.147461 0.026367 0.025391
0 0.398438 0.175293 0.060547 0.069336
0 0.434082 0.156250 0.043945 0.031250
0 0.846680 0.165527 0.050781 0.049805
0 0.500000 0.169434 0.048828 0.040039
0 0.466309 0.162598 0.020508 0.020508
0 0.942871 0.187988 0.051758 0.057617
0 0.279785 0.184082 0.040039 0.043945
0 0.100098 0.180664 0.032227 0.031250
0 0.629883 0.186523 0.041016 0.042969
0 0.432129 0.176270 0.012695 0.014648
0 0.444824 0.195801 0.024414 0.026367
0 0.480469 0.207520 0.042969 0.043945
0 0.867188 0.202148 0.029297 0.033203
0 0.367188 0.212402 0.039062 0.040039
0 0.907227 0.198730 0.013672 0.012695
0 0.596191 0.222168 0.055664 0.057617
0 0.922363 0.224121 0.045898 0.045898
0 0.032715 0.220703 0.034180 0.029297
0 0.160156 0.222168 0.035156 0.032227
0 0.570312 0.255371 0.074219 0.061523
0 0.429199 0.252930 0.045898 0.044922
0 0.180176 0.247070 0.026367 0.029297
0 0.898438 0.255859 0.054688 0.041016
0 0.984375 0.263672 0.031250 0.046875
0 0.021973 0.268555 0.028320 0.039062
0 0.318359 0.268555 0.041016 0.041016
0 0.191406 0.281250 0.058594 0.062500
0 0.414062 0.280762 0.037109 0.036133
0 0.114746 0.282715 0.028320 0.030273
0 0.867188 0.291504 0.054688 0.041992
0 0.041016 0.289551 0.033203 0.034180
0 0.644531 0.292480 0.041016 0.038086
0 0.970703 0.301270 0.052734 0.053711
0 0.537109 0.294434 0.035156 0.036133
0 0.381836 0.287109 0.019531 0.019531
0 0.295410 0.305664 0.047852 0.042969
0 0.751465 0.309082 0.047852 0.051758
0 0.409180 0.312988 0.042969 0.040039
0 0.626465 0.316406 0.049805 0.041016
0 0.070312 0.332520 0.060547 0.071289
0 0.112305 0.307129 0.017578 0.018555
0 0.794434 0.312988 0.030273 0.030273
0 0.527832 0.326660 0.081055 0.053711
0 0.391602 0.338379 0.044922 0.043945
0 0.835449 0.344727 0.049805 0.056641
0 0.612793 0.346680 0.049805 0.035156
0 0.733398 0.346191 0.027344 0.028320
0 0.110352 0.343750 0.019531 0.019531
0 0.157227 0.356934 0.037109 0.040039
0 0.486328 0.361328 0.046875 0.041016
0 0.917480 0.365234 0.043945 0.042969
0 0.713867 0.369629 0.042969 0.045898
0 0.315430 0.355469 0.013672 0.013672
0 0.371582 0.367188 0.043945 0.033203
0 0.339844 0.375977 0.044922 0.041016
0 0.111328 0.382812 0.060547 0.048828
0 0.244629 0.378906 0.049805 0.037109
0 0.943848 0.372070 0.022461 0.023438
0 0.604004 0.376953 0.032227 0.031250
0 0.272949 0.371582 0.016602 0.014648
0 0.026855 0.385742 0.026367 0.025391
0 0.688965 0.403809 0.057617 0.053711
0 0.892578 0.400879 0.046875 0.047852
0 0.458984 0.395020 0.033203 0.030273
0 0.510742 0.395020 0.023438 0.022461
0 0.225098 0.405273 0.045898 0.039062
0 0.585938 0.401367 0.035156 0.033203
0 0.098633 0.410645 0.044922 0.043945
0 0.961914 0.424805 0.050781 0.054688
0 0.208008 0.425781 0.039062 0.042969
0 0.552246 0.432129 0.049805 0.053711
0 0.336426 0.429688 0.036133 0.041016
0 0.770996 0.423828 0.030273 0.031250
0 0.454102 0.430176 0.064453 0.034180
0 0.054199 0.425293 0.020508 0.020508
0 0.512695 0.425781 0.025391 0.023438
0 0.875000 0.426270 0.023438 0.022461
0 0.925781 0.446777 0.044922 0.063477
0 0.090332 0.438477 0.041992 0.035156
0 0.661133 0.457031 0.066406 0.052734
0 0.190918 0.452637 0.045898 0.038086
0 0.048828 0.470215 0.082031 0.067383
0 0.994141 0.448242 0.011719 0.025391
0 0.309570 0.464355 0.033203 0.049805
0 0.235352 0.454590 0.021484 0.020508
0 0.415527 0.461914 0.043945 0.035156
0 0.795898 0.475586 0.041016 0.042969
0 0.171875 0.472168 0.035156 0.032227
0 0.253906 0.468262 0.019531 0.018555
0 0.397949 0.482910 0.041992 0.043945
0 0.245117 0.480957 0.023438 0.022461
0 0.449219 0.480469 0.021484 0.021484
0 0.156738 0.495605 0.040039 0.040039
0 0.730957 0.518066 0.071289 0.055664
0 0.030273 0.539062 0.046875 0.091797
0 0.390625 0.522461 0.070312 0.048828
0 0.271973 0.513672 0.026367 0.027344
0 0.604980 0.543945 0.075195 0.064453
0 0.188965 0.528809 0.022461 0.022461
0 0.928223 0.540039 0.057617 0.044922
0 0.676758 0.538574 0.023438 0.022461
0 0.966797 0.560059 0.058594 0.053711
0 0.229492 0.571289 0.037109 0.042969
0 0.211914 0.561523 0.017578 0.019531
0 0.669922 0.580566 0.072266 0.057617
0 0.985840 0.583008 0.028320 0.064453
0 0.092285 0.581055 0.032227 0.037109
0 0.910645 0.602539 0.045898 0.044922
0 0.549316 0.609863 0.041992 0.040039
0 0.754395 0.609375 0.045898 0.039062
0 0.417480 0.618652 0.041992 0.053711
0 0.297363 0.614258 0.036133 0.041016
0 0.321289 0.603516 0.015625 0.013672
0 0.080078 0.622070 0.060547 0.046875
0 0.175293 0.636719 0.051758 0.072266
0 0.935547 0.629395 0.041016 0.038086
0 0.057129 0.647461 0.045898 0.046875
0 0.628418 0.646484 0.041992 0.039062
0 0.519531 0.655273 0.060547 0.052734
0 0.962891 0.649414 0.041016 0.037109
0 0.372559 0.663574 0.071289 0.055664
0 0.856445 0.674316 0.078125 0.063477
0 0.031250 0.664062 0.027344 0.031250
0 0.588379 0.686035 0.063477 0.073242
0 0.132812 0.684570 0.050781 0.064453
0 0.984375 0.676758 0.031250 0.042969
0 0.094727 0.664551 0.013672 0.014648
0 0.785156 0.680176 0.050781 0.043945
0 0.257812 0.681641 0.044922 0.041016
0 0.483887 0.683594 0.036133 0.037109
0 0.806641 0.700195 0.044922 0.048828
0 0.678223 0.703613 0.047852 0.047852
0 0.534668 0.692871 0.020508 0.020508
0 0.897461 0.706543 0.042969 0.036133
0 0.835938 0.724121 0.050781 0.049805
0 0.478516 0.720215 0.039062 0.038086
0 0.263672 0.718750 0.033203 0.031250
0 0.717773 0.743164 0.066406 0.080078
0 0.119629 0.728027 0.032227 0.040039
0 0.922363 0.729492 0.041992 0.042969
0 0.544922 0.757812 0.089844 0.097656
0 0.221680 0.727539 0.033203 0.029297
0 0.539551 0.726562 0.014648 0.015625
0 0.659180 0.732910 0.019531 0.020508
0 0.243652 0.731934 0.014648 0.014648
0 0.456543 0.755371 0.045898 0.059570
0 0.336426 0.751953 0.045898 0.046875
0 0.659668 0.762695 0.069336 0.062500
0 0.291504 0.745117 0.022461 0.023438
0 0.959961 0.753418 0.035156 0.041992
0 0.101562 0.754883 0.048828 0.039062
0 0.211426 0.754883 0.032227 0.035156
0 0.052246 0.753418 0.028320 0.030273
0 0.697754 0.750000 0.018555 0.017578
0 0.888672 0.774902 0.037109 0.045898
0 0.753906 0.778320 0.037109 0.046875
0 0.182129 0.783691 0.041992 0.040039
0 0.695801 0.800293 0.045898 0.045898
0 0.911621 0.801758 0.051758 0.046875
0 0.413086 0.804688 0.042969 0.037109
0 0.723145 0.818848 0.049805 0.051758
0 0.808594 0.824219 0.044922 0.044922
0 0.988281 0.821289 0.023438 0.039062
0 0.013184 0.815918 0.010742 0.020508
0 0.043457 0.826172 0.043945 0.042969
0 0.753906 0.827148 0.021484 0.021484
0 0.772949 0.824707 0.016602 0.016602
0 0.618164 0.848633 0.042969 0.050781
0 0.258789 0.848145 0.050781 0.041992
0 0.836426 0.847168 0.038086 0.038086
0 0.968750 0.848633 0.039062 0.039062
0 0.748535 0.851074 0.041992 0.036133
0 0.566406 0.856445 0.019531 0.019531
0 0.768066 0.868652 0.038086 0.043945
0 0.138184 0.871094 0.053711 0.046875
0 0.643555 0.875488 0.048828 0.047852
0 0.465820 0.877441 0.039062 0.043945
0 0.948730 0.878418 0.043945 0.045898
0 0.848145 0.873535 0.041992 0.032227
0 0.560059 0.878906 0.034180 0.037109
0 0.335449 0.900391 0.053711 0.054688
0 0.666992 0.895996 0.044922 0.045898
0 0.231445 0.895508 0.044922 0.041016
0 0.985352 0.906738 0.029297 0.057617
0 0.585449 0.901855 0.043945 0.041992
0 0.869629 0.907227 0.047852 0.046875
0 0.838867 0.895508 0.015625 0.015625
0 0.696289 0.919434 0.041016 0.043945
0 0.609863 0.926758 0.047852 0.048828
0 0.095215 0.926758 0.063477 0.044922
0 0.422363 0.927734 0.047852 0.041016
0 0.826172 0.940918 0.042969 0.061523
0 0.806152 0.929688 0.030273 0.035156
0 0.893066 0.929199 0.036133 0.034180
0 0.187988 0.937988 0.040039 0.047852
0 0.316406 0.941895 0.037109 0.034180
0 0.363770 0.933594 0.014648 0.015625
0 0.514648 0.947266 0.042969 0.042969
0 0.717773 0.954102 0.046875 0.052734
0 0.069336 0.951172 0.039062 0.042969
0 0.673828 0.944824 0.017578 0.020508
0 0.400391 0.958008 0.048828 0.044922
0 0.910156 0.959473 0.044922 0.043945
0 0.853516 0.947754 0.017578 0.016602
0 0.344238 0.952637 0.018555 0.020508
0 0.878418 0.952148 0.020508 0.021484
0 0.631836 0.964844 0.048828 0.042969
0 0.142090 0.956055 0.022461 0.021484
0 0.288574 0.973145 0.061523 0.049805
0 0.492676 0.972168 0.036133 0.036133
0 0.737305 0.973633 0.042969 0.039062
0 0.857910 0.977051 0.065430 0.045898
0 0.986328 0.977051 0.027344 0.045898
0 0.047852 0.982422 0.042969 0.035156
0 0.381348 0.983398 0.049805 0.033203
0 0.103027 0.983398 0.016602 0.015625
0 0.639160 0.989258 0.038086 0.021484
0 0.758301 0.989746 0.024414 0.020508
0 0.475586 0.992676 0.031250 0.014648
0 0.719238 0.994141 0.022461 0.011719
1 0.921875 0.053223 0.037109 0.036133
1 0.539551 0.135254 0.038086 0.040039
1 0.075684 0.161133 0.038086 0.035156
1 0.826172 0.204102 0.035156 0.042969
1 0.131836 0.202148 0.033203 0.031250
1 0.448730 0.234375 0.045898 0.042969
1 0.799805 0.240723 0.046875 0.053711
1 0.163086 0.320801 0.060547 0.043945
1 0.944824 0.336426 0.053711 0.041992
1 0.259766 0.352539 0.039062 0.027344
1 0.809082 0.374512 0.055664 0.043945
1 0.903320 0.492676 0.046875 0.049805
1 0.627441 0.494629 0.036133 0.034180
1 0.138184 0.520508 0.034180 0.031250
1 0.740723 0.646973 0.034180 0.034180
1 0.083984 0.774414 0.044922 0.041016
1 0.782227 0.800781 0.042969 0.048828
1 0.483398 0.843750 0.046875 0.039062
1 0.375977 0.856934 0.046875 0.055664
1 0.418457 0.861816 0.028320 0.028320
1 0.797363 0.896484 0.045898 0.044922
1 0.157715 0.985352 0.045898 0.029297
1 0.549805 0.986816 0.029297 0.026367
2 0.973633 0.156738 0.044922 0.053711
2 0.344727 0.579102 0.039062 0.068359
2 0.804688 0.632812 0.042969 0.041016
2 0.596680 0.829102 0.041016 0.050781
2 0.440918 0.900879 0.041992 0.047852
