0 0.083008 0.017090 0.046875 0.034180
0 0.583984 0.020020 0.037109 0.026367
0 0.863281 0.017090 0.035156 0.020508
0 0.750000 0.028809 0.044922 0.041992
0 0.308105 0.029297 0.045898 0.037109
0 0.676270 0.027832 0.043945 0.034180
0 0.934082 0.033691 0.041992 0.034180
0 0.163574 0.035645 0.020508 0.018555
0 0.483887 0.042969 0.030273 0.033203
0 0.082520 0.046387 0.038086 0.036133
0 0.204590 0.049805 0.040039 0.037109
0 0.898926 0.050293 0.024414 0.030273
0 0.663086 0.053711 0.046875 0.033203
0 0.720703 0.062012 0.037109 0.047852
0 0.046875 0.045898 0.017578 0.009766
0 0.749512 0.049805 0.012695 0.011719
0 0.928223 0.063965 0.038086 0.036133
0 0.377441 0.062012 0.030273 0.030273
0 0.831543 0.064941 0.034180 0.034180
0 0.483887 0.073242 0.057617 0.046875
0 0.563965 0.076660 0.038086 0.038086
0 0.748535 0.078613 0.028320 0.043945
0 0.194336 0.076172 0.037109 0.035156
0 0.890137 0.072754 0.024414 0.024414
0 0.081055 0.078125 0.029297 0.031250
0 0.280273 0.081055 0.035156 0.035156
0 0.334961 0.074219 0.013672 0.015625
0 0.860352 0.081543 0.023438 0.022461
0 0.523926 0.081543 0.016602 0.012695
0 0.820801 0.092285 0.034180 0.036133
0 0.995117 0.092773 0.009766 0.025391
0 0.060547 0.103027 0.048828 0.036133
0 0.182129 0.102051 0.032227 0.032227
0 0.547852 0.103516 0.031250 0.031250
0 0.268555 0.106934 0.029297 0.034180
0 0.851074 0.103027 0.026367 0.024414
0 0.356934 0.114258 0.036133 0.039062
0 0.486328 0.102539 0.015625 0.015625
0 0.637207 0.109375 0.041992 0.031250
0 0.904297 0.123047 0.037109 0.037109
0 0.451660 0.124512 0.036133 0.036133
0 0.806641 0.119141 0.025391 0.025391
0 0.872070 0.119141 0.027344 0.027344
0 0.988281 0.125488 0.023438 0.032227
0 0.533691 0.126465 0.034180 0.030273
0 0.831055 0.121582 0.019531 0.014648
0 0.061523 0.133789 0.039062 0.033203
0 0.258301 0.138184 0.043945 0.041992
0 0.341797 0.137695 0.031250 0.039062
0 0.145996 0.127441 0.016602 0.016602
0 0.684082 0.140137 0.034180 0.036133
0 0.854492 0.137207 0.013672 0.020508
0 0.437500 0.150879 0.031250 0.036133
0 0.519043 0.149902 0.040039 0.034180
0 0.884766 0.150879 0.039062 0.036133
0 0.715820 0.156738 0.031250 0.040039
0 0.977539 0.156250 0.042969 0.035156
0 0.155762 0.157715 0.038086 0.030273
0 0.612793 0.162598 0.038086 0.038086
0 0.246094 0.165527 0.033203 0.038086
0 0.428223 0.177246 0.041992 0.036133
0 0.483398 0.172852 0.019531 0.019531
0 0.519043 0.179688 0.026367 0.029297
0 0.144531 0.184570 0.029297 0.035156
0 0.234375 0.187988 0.029297 0.034180
0 0.033203 0.186035 0.050781 0.028320
0 0.603027 0.196777 0.043945 0.038086
0 0.289062 0.187500 0.011719 0.013672
0 0.687988 0.194336 0.032227 0.027344
0 0.106445 0.188477 0.011719 0.013672
0 0.316406 0.197266 0.027344 0.029297
0 0.416016 0.203613 0.029297 0.036133
0 0.858398 0.206055 0.044922 0.039062
0 0.133301 0.210938 0.030273 0.037109
0 0.256836 0.198242 0.015625 0.013672
0 0.500488 0.207520 0.026367 0.030273
0 0.295898 0.218262 0.044922 0.043945
0 0.580078 0.232422 0.050781 0.064453
0 0.949219 0.217773 0.037109 0.033203
0 0.224609 0.219727 0.033203 0.033203
0 0.771484 0.223633 0.042969 0.033203
0 0.117188 0.235840 0.041016 0.043945
0 0.395996 0.243164 0.051758 0.060547
0 0.485352 0.229980 0.037109 0.034180
0 0.989258 0.228027 0.017578 0.016602
0 0.206543 0.244629 0.034180 0.034180
0 0.759277 0.246094 0.038086 0.033203
0 0.935059 0.244629 0.026367 0.030273
0 0.665527 0.252441 0.032227 0.034180
0 0.474121 0.257812 0.045898 0.029297
0 0.610352 0.250000 0.011719 0.011719
0 0.841797 0.266113 0.027344 0.032227
0 0.565430 0.271973 0.042969 0.038086
0 0.197266 0.284668 0.064453 0.061523
0 0.646484 0.274902 0.042969 0.040039
0 0.743164 0.269531 0.035156 0.031250
0 0.929688 0.270020 0.037109 0.028320
0 0.282227 0.274902 0.041016 0.034180
0 0.377441 0.282715 0.038086 0.036133
0 0.462402 0.282715 0.041992 0.032227
0 0.430664 0.279297 0.017578 0.017578
0 0.093750 0.291504 0.025391 0.038086
0 0.549805 0.299316 0.041016 0.040039
0 0.830078 0.294922 0.031250 0.031250
0 0.729492 0.299805 0.037109 0.033203
0 0.638184 0.303711 0.032227 0.033203
0 0.911621 0.305176 0.041992 0.036133
0 0.270996 0.307129 0.032227 0.030273
0 0.448730 0.314941 0.038086 0.036133
0 0.813965 0.317383 0.041992 0.035156
0 0.085449 0.318848 0.032227 0.032227
0 0.540527 0.323730 0.045898 0.038086
0 0.179688 0.329102 0.046875 0.044922
0 0.754883 0.318848 0.019531 0.016602
0 0.260742 0.333496 0.033203 0.036133
0 0.714355 0.343262 0.055664 0.057617
0 0.415039 0.326172 0.015625 0.015625
0 0.625488 0.333496 0.030273 0.030273
0 0.962402 0.328125 0.018555 0.019531
0 0.902344 0.338379 0.048828 0.034180
0 0.352539 0.343262 0.041016 0.040039
0 0.803711 0.346191 0.042969 0.034180
0 0.987793 0.348145 0.024414 0.036133
0 0.523926 0.351562 0.032227 0.037109
0 0.161133 0.353027 0.037109 0.034180
0 0.606934 0.355957 0.045898 0.038086
0 0.241699 0.356445 0.038086 0.035156
0 0.055176 0.370605 0.040039 0.045898
0 0.334961 0.365234 0.035156 0.031250
0 0.422852 0.374023 0.039062 0.039062
0 0.791016 0.373535 0.042969 0.038086
0 0.155273 0.382812 0.046875 0.041016
0 0.512695 0.379395 0.033203 0.034180
0 0.692871 0.382812 0.038086 0.035156
0 0.970215 0.385742 0.036133 0.039062
0 0.233398 0.387207 0.029297 0.026367
0 0.873047 0.391113 0.037109 0.036133
0 0.319824 0.389648 0.030273 0.029297
0 0.043945 0.398926 0.050781 0.043945
0 0.411133 0.399414 0.035156 0.041016
0 0.503418 0.407227 0.036133 0.033203
0 0.681152 0.410156 0.036133 0.035156
0 0.220703 0.413574 0.031250 0.032227
0 0.587402 0.414062 0.043945 0.033203
0 0.403320 0.427246 0.037109 0.040039
0 0.717773 0.420898 0.017578 0.021484
0 0.124023 0.436523 0.033203 0.039062
0 0.667480 0.433105 0.032227 0.030273
0 0.211426 0.439453 0.040039 0.039062
0 0.290039 0.475098 0.062500 0.092773
0 0.751953 0.450684 0.042969 0.036133
0 0.391602 0.454590 0.031250 0.036133
0 0.890137 0.443359 0.012695 0.013672
0 0.655273 0.457031 0.031250 0.029297
0 0.484375 0.463867 0.037109 0.033203
0 0.564941 0.465332 0.034180 0.036133
0 0.146973 0.466309 0.012695 0.010742
0 0.378906 0.480469 0.031250 0.037109
0 0.329102 0.471191 0.013672 0.010742
0 0.017578 0.495605 0.021484 0.047852
0 0.465332 0.489258 0.047852 0.037109
0 0.688965 0.480469 0.012695 0.015625
0 0.724609 0.498047 0.056641 0.041016
0 0.357422 0.521973 0.052734 0.065430
0 0.903809 0.508789 0.034180 0.041016
0 0.822266 0.509277 0.039062 0.038086
0 0.633789 0.518066 0.039062 0.045898
0 0.455566 0.516113 0.043945 0.034180
0 0.507324 0.513672 0.020508 0.027344
0 0.089355 0.521973 0.041992 0.036133
0 0.543945 0.521484 0.037109 0.035156
0 0.325684 0.514648 0.012695 0.015625
0 0.858398 0.514160 0.015625 0.012695
0 0.266602 0.529785 0.037109 0.034180
0 0.810547 0.535645 0.039062 0.036133
0 0.482422 0.532227 0.021484 0.025391
0 0.974609 0.540039 0.035156 0.037109
0 0.291504 0.530762 0.012695 0.012695
0 0.893555 0.542480 0.031250 0.038086
0 0.077148 0.545898 0.037109 0.035156
0 0.443359 0.546387 0.035156 0.036133
0 0.624512 0.549316 0.032227 0.041992
0 0.134277 0.538574 0.010742 0.012695
0 0.527832 0.549316 0.041992 0.036133
0 0.155762 0.552734 0.049805 0.039062
0 0.846680 0.545898 0.013672 0.013672
0 0.473633 0.549316 0.017578 0.014648
0 0.344727 0.562012 0.025391 0.038086
0 0.798340 0.562012 0.040039 0.038086
0 0.426758 0.567871 0.031250 0.032227
0 0.873047 0.570312 0.035156 0.039062
0 0.067383 0.568359 0.037109 0.029297
0 0.961914 0.569824 0.033203 0.034180
0 0.662598 0.567383 0.016602 0.017578
0 0.151855 0.580078 0.036133 0.039062
0 0.520996 0.579102 0.032227 0.035156
0 0.245605 0.585938 0.047852 0.031250
0 0.790527 0.591797 0.047852 0.041016
0 0.689453 0.590820 0.044922 0.037109
0 0.418457 0.596680 0.043945 0.039062
0 0.847168 0.584473 0.014648 0.014648
0 0.946289 0.603027 0.037109 0.038086
0 0.136230 0.605957 0.036133 0.038086
0 0.049805 0.602051 0.037109 0.026367
0 0.863770 0.606445 0.030273 0.037109
0 0.235840 0.613770 0.051758 0.041992
0 0.481934 0.604492 0.028320 0.025391
0 0.297852 0.605469 0.017578 0.021484
0 0.773926 0.617188 0.041992 0.039062
0 0.317871 0.614746 0.030273 0.026367
0 0.505371 0.622070 0.040039 0.041016
0 0.037109 0.625000 0.029297 0.035156
0 0.665039 0.625977 0.060547 0.035156
0 0.579590 0.635254 0.030273 0.038086
0 0.621582 0.622559 0.012695 0.014648
0 0.932129 0.632324 0.034180 0.034180
0 0.849609 0.635742 0.031250 0.037109
0 0.994629 0.633301 0.010742 0.026367
0 0.126953 0.636230 0.025391 0.030273
0 0.217285 0.641113 0.047852 0.036133
0 0.306152 0.643066 0.030273 0.038086
0 0.762207 0.644043 0.040039 0.038086
0 0.386230 0.649414 0.030273 0.035156
0 0.662109 0.653320 0.042969 0.037109
0 0.972168 0.642578 0.018555 0.015625
0 0.021484 0.649902 0.025391 0.026367
0 0.109863 0.661133 0.038086 0.037109
0 0.919434 0.664062 0.034180 0.037109
0 0.983887 0.661621 0.032227 0.032227
0 0.572266 0.665039 0.044922 0.035156
0 0.203613 0.666992 0.032227 0.037109
0 0.259277 0.655273 0.012695 0.013672
0 0.296387 0.671875 0.028320 0.031250
0 0.635742 0.685059 0.050781 0.047852
0 0.466309 0.685059 0.040039 0.040039
0 0.237793 0.677734 0.014648 0.021484
0 0.603027 0.673340 0.010742 0.012695
0 0.102539 0.687012 0.037109 0.032227
0 0.906250 0.694336 0.039062 0.035156
0 0.281250 0.697754 0.033203 0.040039
0 0.973145 0.693848 0.034180 0.032227
0 0.821289 0.699219 0.033203 0.039062
0 0.737793 0.699707 0.040039 0.036133
0 0.450684 0.710449 0.051758 0.045898
0 0.371582 0.713379 0.043945 0.034180
0 0.088867 0.716797 0.031250 0.029297
0 0.177734 0.720215 0.039062 0.036133
0 0.960449 0.724121 0.030273 0.038086
0 0.800781 0.727539 0.039062 0.041016
0 0.887207 0.727051 0.030273 0.038086
0 0.761719 0.716797 0.015625 0.013672
0 0.205566 0.726074 0.020508 0.018555
0 0.076660 0.741699 0.034180 0.034180
0 0.239746 0.733887 0.024414 0.016602
0 0.196777 0.737793 0.014648 0.012695
0 0.164551 0.749023 0.036133 0.033203
0 0.790039 0.757324 0.039062 0.040039
0 0.872559 0.754883 0.030273 0.035156
0 0.258789 0.754395 0.027344 0.028320
0 0.348633 0.763672 0.041016 0.037109
0 0.427734 0.764160 0.052734 0.036133
0 0.223633 0.759277 0.029297 0.018555
0 0.153809 0.771973 0.026367 0.030273
0 0.062988 0.773926 0.032227 0.026367
0 0.246094 0.780762 0.031250 0.032227
0 0.931152 0.784180 0.032227 0.039062
0 0.334961 0.783691 0.029297 0.034180
0 0.867188 0.791504 0.046875 0.041992
0 0.891113 0.777344 0.014648 0.015625
0 0.416992 0.791504 0.046875 0.038086
0 0.699707 0.785645 0.032227 0.028320
0 0.146484 0.803711 0.044922 0.039062
0 0.237793 0.808594 0.032227 0.031250
0 0.992676 0.807129 0.014648 0.028320
0 0.321777 0.816406 0.034180 0.037109
0 0.684082 0.815918 0.036133 0.038086
0 0.748047 0.821289 0.031250 0.039062
0 0.201660 0.815430 0.024414 0.017578
0 0.041992 0.827148 0.041016 0.035156
0 0.775879 0.831055 0.034180 0.033203
0 0.496582 0.839355 0.041992 0.041992
0 0.986816 0.835449 0.026367 0.032227
0 0.222168 0.837402 0.030273 0.030273
0 0.306641 0.836914 0.025391 0.025391
0 0.394531 0.844238 0.044922 0.034180
0 0.676270 0.844727 0.041992 0.033203
0 0.802734 0.845703 0.033203 0.033203
0 0.027344 0.849121 0.027344 0.036133
0 0.727051 0.849609 0.022461 0.021484
0 0.115723 0.857910 0.036133 0.036133
0 0.542969 0.895508 0.060547 0.105469
0 0.709961 0.852051 0.011719 0.012695
0 0.299316 0.870117 0.032227 0.041016
0 0.965332 0.876465 0.036133 0.047852
0 0.485352 0.871094 0.044922 0.029297
0 0.019043 0.877930 0.024414 0.037109
0 0.651367 0.899902 0.056641 0.079102
0 0.144531 0.875488 0.025391 0.024414
0 0.777832 0.874023 0.014648 0.019531
0 0.812012 0.882812 0.030273 0.033203
0 0.890625 0.878906 0.029297 0.021484
0 0.365234 0.898926 0.076172 0.057617
0 0.308594 0.939453 0.148438 0.119141
0 0.473145 0.899414 0.047852 0.033203
0 0.913574 0.897949 0.010742 0.018555
0 0.446777 0.948730 0.084961 0.067383
0 0.996582 0.924805 0.006836 0.015625
0 0.727539 0.951660 0.058594 0.059570
0 0.166016 0.941895 0.035156 0.034180
0 0.619629 0.965332 0.051758 0.069336
0 0.946289 0.952637 0.066406 0.028320
0 0.917969 0.974121 0.164062 0.051758
1 0.947266 0.016113 0.044922 0.016602
1 0.846191 0.038086 0.030273 0.033203
1 0.866699 0.041016 0.014648 0.013672
1 0.298340 0.055664 0.043945 0.041016
1 0.864258 0.054199 0.019531 0.016602
1 0.364258 0.085449 0.039062 0.038086
1 0.169434 0.126953 0.036133 0.031250
1 0.625977 0.136719 0.048828 0.041016
1 0.053223 0.161621 0.030273 0.032227
1 0.968262 0.193848 0.038086 0.041992
1 0.021484 0.249512 0.029297 0.032227
1 0.296387 0.250488 0.030273 0.036133
1 0.106445 0.262207 0.048828 0.043945
1 0.363281 0.313477 0.029297 0.039062
1 0.070801 0.345703 0.030273 0.039062
1 0.431152 0.349609 0.045898 0.031250
1 0.881836 0.364258 0.033203 0.039062
1 0.598145 0.385254 0.040039 0.038086
1 0.774414 0.395020 0.041016 0.038086
1 0.320312 0.422852 0.056641 0.044922
1 0.865723 0.418457 0.045898 0.036133
1 0.032227 0.424316 0.048828 0.038086
1 0.489746 0.435547 0.043945 0.031250
1 0.578613 0.438965 0.038086 0.036133
1 0.650879 0.483398 0.045898 0.033203
1 0.177246 0.489258 0.041992 0.033203
1 0.559082 0.494629 0.030273 0.032227
1 0.596191 0.608398 0.036133 0.029297
1 0.835938 0.667480 0.031250 0.036133
1 0.384277 0.676758 0.041992 0.035156
1 0.197266 0.692383 0.052734 0.035156
1 0.725586 0.725098 0.039062 0.036133
1 0.444824 0.738770 0.040039 0.036133
1 0.516113 0.775879 0.032227 0.036133
1 0.050293 0.798340 0.040039 0.036133
1 0.411133 0.823242 0.029297 0.029297
1 0.132324 0.831055 0.043945 0.041016
1 0.197754 0.854980 0.057617 0.047852
1 0.831055 0.857422 0.033203 0.042969
1 0.930664 0.878906 0.027344 0.029297
2 0.918945 0.094238 0.035156 0.040039
2 0.461914 0.097656 0.039062 0.037109
2 0.794922 0.186035 0.027344 0.028320
2 0.670410 0.223145 0.036133 0.032227
2 0.847656 0.236328 0.039062 0.035156
2 0.138672 0.410156 0.039062 0.035156
2 0.763184 0.424805 0.036133 0.037109
2 0.115723 0.464844 0.043945 0.037109
2 0.833496 0.480469 0.036133 0.037109
2 0.720215 0.527832 0.036133 0.038086
2 0.702148 0.560059 0.048828 0.036133
2 0.995605 0.579590 0.008789 0.018555
2 0.271973 0.728027 0.028320 0.032227
2 0.356445 0.732910 0.039062 0.034180
2 0.551270 0.787109 0.018555 0.019531
2 0.910645 0.807617 0.040039 0.035156
2 0.378906 0.870605 0.050781 0.038086
3 0.807617 0.630371 0.013672 0.014648
