0 0.298340 0.016113 0.030273 0.018555
0 0.367188 0.015625 0.029297 0.017578
0 0.727051 0.013184 0.036133 0.012695
0 0.272949 0.011719 0.022461 0.007812
0 0.339355 0.014160 0.018555 0.012695
0 0.504395 0.014648 0.024414 0.013672
0 0.916992 0.019531 0.050781 0.023438
0 0.952148 0.020020 0.019531 0.024414
0 0.449219 0.021973 0.023438 0.024414
0 0.611816 0.024902 0.028320 0.030273
0 0.986328 0.028320 0.027344 0.031250
0 0.103516 0.031250 0.037109 0.035156
0 0.202148 0.036621 0.037109 0.041992
0 0.719727 0.030273 0.031250 0.027344
0 0.633301 0.022949 0.010742 0.010742
0 0.346680 0.038086 0.050781 0.029297
0 0.893555 0.039062 0.039062 0.031250
0 0.522949 0.039551 0.038086 0.024414
0 0.787109 0.048340 0.052734 0.038086
0 0.101562 0.062500 0.033203 0.035156
0 0.979004 0.058105 0.020508 0.026367
0 0.885254 0.069336 0.032227 0.033203
0 0.950195 0.061035 0.025391 0.014648
0 0.189941 0.076172 0.030273 0.035156
0 0.344727 0.078125 0.027344 0.037109
0 0.322754 0.066895 0.018555 0.012695
0 0.623047 0.068359 0.017578 0.015625
0 0.922363 0.069336 0.012695 0.013672
0 0.795898 0.080566 0.031250 0.032227
0 0.033203 0.081543 0.025391 0.030273
0 0.598145 0.084473 0.030273 0.026367
0 0.708984 0.090820 0.039062 0.033203
0 0.979004 0.088379 0.020508 0.028320
0 0.517090 0.098633 0.022461 0.029297
0 0.740234 0.098633 0.011719 0.009766
0 0.336914 0.115723 0.037109 0.036133
0 0.221680 0.110352 0.017578 0.017578
0 0.434082 0.114258 0.036133 0.025391
0 0.961914 0.124512 0.033203 0.045898
0 0.186035 0.120117 0.049805 0.033203
0 0.605469 0.119141 0.050781 0.029297
0 0.702637 0.118652 0.038086 0.028320
0 0.505859 0.128906 0.029297 0.029297
0 0.786133 0.138184 0.025391 0.026367
0 0.869629 0.142090 0.032227 0.034180
0 0.418457 0.140625 0.020508 0.023438
0 0.586426 0.145996 0.028320 0.026367
0 0.328125 0.152832 0.039062 0.030273
0 0.452148 0.150879 0.021484 0.028320
0 0.497559 0.157227 0.034180 0.023438
0 0.770996 0.181641 0.041992 0.062500
0 0.901855 0.160645 0.016602 0.012695
0 0.950684 0.171875 0.032227 0.033203
0 0.582031 0.175781 0.029297 0.033203
0 0.738281 0.167480 0.009766 0.014648
0 0.069824 0.174316 0.032227 0.024414
0 0.445801 0.172363 0.016602 0.018555
0 0.173828 0.187988 0.037109 0.034180
0 0.497559 0.183594 0.024414 0.027344
0 0.855469 0.193359 0.023438 0.031250
0 0.714355 0.187988 0.010742 0.014648
0 0.681641 0.221191 0.042969 0.061523
0 0.950684 0.205078 0.026367 0.029297
0 0.227539 0.215332 0.025391 0.045898
0 0.577148 0.203613 0.027344 0.022461
0 0.735352 0.196289 0.009766 0.009766
0 0.253418 0.219238 0.034180 0.040039
0 0.017578 0.216309 0.021484 0.028320
0 0.315430 0.215332 0.029297 0.026367
0 0.068848 0.221680 0.040039 0.025391
0 0.765625 0.243652 0.027344 0.061523
0 0.159180 0.232910 0.037109 0.028320
0 0.403320 0.237305 0.041016 0.031250
0 0.304688 0.239258 0.042969 0.023438
0 0.840332 0.250000 0.026367 0.046875
0 0.434570 0.240723 0.015625 0.014648
0 0.054688 0.250488 0.046875 0.024414
0 0.488770 0.252930 0.034180 0.027344
0 0.670410 0.265625 0.034180 0.033203
0 0.933594 0.263184 0.037109 0.030273
0 0.391113 0.263672 0.028320 0.027344
0 0.298340 0.266602 0.034180 0.027344
0 0.149902 0.267578 0.045898 0.027344
0 0.451172 0.271973 0.017578 0.018555
0 0.586426 0.270020 0.028320 0.016602
0 0.751465 0.285156 0.038086 0.037109
0 0.485840 0.285156 0.024414 0.021484
0 0.145020 0.289062 0.045898 0.027344
0 0.023438 0.293945 0.023438 0.029297
0 0.384766 0.294434 0.029297 0.026367
0 0.664062 0.293457 0.033203 0.024414
0 0.279297 0.313965 0.066406 0.045898
0 0.696777 0.295410 0.012695 0.008789
0 0.831543 0.303223 0.026367 0.020508
0 0.141113 0.312500 0.045898 0.027344
0 0.187500 0.325195 0.027344 0.044922
0 0.209961 0.330566 0.027344 0.045898
0 0.380859 0.323730 0.023438 0.024414
0 0.233398 0.337402 0.027344 0.045898
0 0.550293 0.326660 0.024414 0.024414
0 0.836914 0.329590 0.044922 0.026367
0 0.135742 0.333984 0.046875 0.027344
0 0.380371 0.358887 0.038086 0.043945
0 0.283203 0.355957 0.035156 0.036133
0 0.650391 0.369629 0.048828 0.061523
0 0.250977 0.351562 0.021484 0.021484
0 0.402344 0.350098 0.027344 0.018555
0 0.547852 0.358887 0.033203 0.020508
0 0.732910 0.368652 0.041992 0.038086
0 0.460449 0.368652 0.032227 0.028320
0 0.042480 0.375977 0.024414 0.027344
0 0.541504 0.387695 0.028320 0.027344
0 0.817383 0.394043 0.039062 0.028320
0 0.451172 0.396484 0.031250 0.029297
0 0.853516 0.389648 0.015625 0.015625
0 0.124023 0.398438 0.035156 0.029297
0 0.870117 0.394531 0.013672 0.015625
0 0.716797 0.402344 0.029297 0.023438
0 0.899414 0.406738 0.042969 0.030273
0 0.636719 0.410156 0.033203 0.029297
0 0.029785 0.437012 0.043945 0.075195
0 0.363281 0.414062 0.027344 0.023438
0 0.535645 0.415039 0.028320 0.025391
0 0.180176 0.418457 0.026367 0.024414
0 0.393555 0.419434 0.021484 0.022461
0 0.418945 0.417969 0.027344 0.019531
0 0.701660 0.435547 0.041992 0.048828
0 0.984863 0.426758 0.030273 0.033203
0 0.813965 0.425293 0.041992 0.026367
0 0.213867 0.434570 0.029297 0.037109
0 0.247070 0.425293 0.019531 0.018555
0 0.451172 0.428711 0.027344 0.025391
0 0.113770 0.432129 0.026367 0.022461
0 0.277344 0.430664 0.023438 0.021484
0 0.354004 0.437012 0.028320 0.024414
0 0.529785 0.445312 0.028320 0.027344
0 0.669922 0.441406 0.011719 0.013672
0 0.415039 0.442383 0.017578 0.011719
0 0.258789 0.450684 0.046875 0.024414
0 0.976562 0.453125 0.029297 0.029297
0 0.102539 0.466797 0.035156 0.035156
0 0.887695 0.463867 0.039062 0.027344
0 0.354004 0.470215 0.026367 0.026367
0 0.519531 0.471680 0.027344 0.027344
0 0.621582 0.469238 0.030273 0.024414
0 0.545410 0.473145 0.022461 0.020508
0 0.973145 0.481445 0.034180 0.031250
0 0.712402 0.481934 0.041992 0.024414
0 0.016602 0.486328 0.019531 0.025391
0 0.405762 0.485352 0.022461 0.019531
0 0.440430 0.486328 0.021484 0.023438
0 0.879395 0.493164 0.041992 0.035156
0 0.622070 0.499023 0.048828 0.031250
0 0.186523 0.491699 0.011719 0.012695
0 0.345703 0.497070 0.025391 0.023438
0 0.526855 0.506348 0.047852 0.032227
0 0.140137 0.500488 0.014648 0.010742
0 0.696289 0.512207 0.054688 0.034180
0 0.789551 0.506348 0.028320 0.024414
0 0.014160 0.515625 0.014648 0.031250
0 0.375000 0.514648 0.013672 0.011719
0 0.608887 0.525879 0.032227 0.032227
0 0.153320 0.536621 0.027344 0.040039
0 0.339355 0.526855 0.032227 0.020508
0 0.507324 0.528809 0.020508 0.026367
0 0.791504 0.531738 0.045898 0.026367
0 0.415039 0.542480 0.072266 0.043945
0 0.183594 0.542969 0.027344 0.041016
0 0.210938 0.555664 0.033203 0.048828
0 0.369629 0.540039 0.016602 0.013672
0 0.533203 0.543457 0.019531 0.018555
0 0.697266 0.547363 0.033203 0.026367
0 0.602539 0.555664 0.029297 0.033203
0 0.501953 0.562012 0.029297 0.030273
0 0.526855 0.560059 0.014648 0.016602
0 0.405273 0.585449 0.076172 0.065430
0 0.775391 0.577637 0.027344 0.043945
0 0.686035 0.579102 0.045898 0.041016
0 0.864258 0.598633 0.029297 0.050781
0 0.491211 0.586914 0.025391 0.019531
0 0.635254 0.624512 0.108398 0.092773
0 0.007324 0.590332 0.014648 0.014648
0 0.945312 0.612793 0.039062 0.057617
0 0.077637 0.601562 0.043945 0.029297
0 0.667969 0.620605 0.056641 0.049805
0 0.006348 0.608398 0.012695 0.021484
0 0.804688 0.605957 0.019531 0.016602
0 0.514160 0.619629 0.030273 0.024414
0 0.762695 0.624512 0.029297 0.024414
0 0.074219 0.631348 0.048828 0.028320
0 0.155762 0.636230 0.036133 0.030273
0 0.227539 0.638184 0.033203 0.030273
0 0.783203 0.639160 0.013672 0.014648
0 0.185059 0.638672 0.008789 0.011719
0 0.843262 0.659180 0.041992 0.048828
0 0.313965 0.650879 0.026367 0.028320
0 0.936035 0.655273 0.036133 0.029297
0 0.764648 0.654785 0.015625 0.016602
0 0.212402 0.672363 0.043945 0.040039
0 0.581543 0.667480 0.038086 0.028320
0 0.991699 0.662109 0.016602 0.015625
0 0.474609 0.684570 0.029297 0.033203
0 0.928711 0.684082 0.035156 0.030273
0 0.310547 0.683594 0.035156 0.027344
0 0.961914 0.682129 0.011719 0.010742
0 0.749512 0.692383 0.028320 0.025391
0 0.838867 0.696777 0.039062 0.032227
0 0.093262 0.692871 0.028320 0.018555
0 0.056641 0.708008 0.039062 0.029297
0 0.208984 0.708984 0.042969 0.029297
0 0.303223 0.710449 0.026367 0.024414
0 0.924316 0.713867 0.036133 0.031250
0 0.986328 0.704590 0.009766 0.012695
0 0.173340 0.712402 0.014648 0.016602
0 0.463867 0.719727 0.039062 0.033203
0 0.150879 0.735840 0.026367 0.047852
0 0.375977 0.726074 0.029297 0.030273
0 0.495605 0.728516 0.026367 0.035156
0 0.982422 0.745117 0.035156 0.054688
0 0.551270 0.741699 0.024414 0.043945
0 0.072266 0.730469 0.017578 0.011719
0 0.111816 0.749023 0.026367 0.044922
0 0.590332 0.750000 0.026367 0.046875
0 0.943359 0.745117 0.041016 0.029297
0 0.205566 0.745605 0.036133 0.026367
0 0.367188 0.750000 0.027344 0.031250
0 0.666016 0.762695 0.027344 0.050781
0 0.043457 0.753418 0.043945 0.026367
0 0.462891 0.757812 0.033203 0.027344
0 0.339844 0.753906 0.013672 0.011719
0 0.191895 0.770508 0.040039 0.027344
0 0.487793 0.766602 0.018555 0.015625
0 0.353027 0.777344 0.026367 0.027344
0 0.447266 0.780273 0.041016 0.025391
0 0.796387 0.791992 0.034180 0.042969
0 0.826660 0.801758 0.034180 0.041016
0 0.289062 0.797363 0.033203 0.026367
0 0.035645 0.839844 0.057617 0.093750
0 0.342285 0.808594 0.024414 0.027344
0 0.548340 0.861816 0.088867 0.116211
0 0.984863 0.818359 0.030273 0.025391
0 0.280273 0.829590 0.031250 0.026367
0 0.167969 0.845703 0.056641 0.033203
0 0.743164 0.864258 0.076172 0.050781
0 0.624512 0.881348 0.075195 0.081055
0 0.266113 0.864258 0.036133 0.031250
0 0.310547 0.865723 0.046875 0.036133
0 0.958008 0.875488 0.050781 0.036133
0 0.141113 0.887207 0.030273 0.053711
0 0.179199 0.882324 0.036133 0.041992
0 0.411621 0.894043 0.088867 0.061523
0 0.874023 0.911621 0.035156 0.041992
1 0.537598 0.015625 0.024414 0.017578
1 0.806152 0.023438 0.047852 0.033203
1 0.443359 0.051758 0.033203 0.029297
1 0.600586 0.054688 0.035156 0.029297
1 0.711426 0.062500 0.034180 0.033203
1 0.884766 0.100098 0.048828 0.032227
1 0.275391 0.121094 0.031250 0.048828
1 0.790039 0.109375 0.027344 0.023438
1 0.685059 0.171387 0.024414 0.040039
1 0.938477 0.232422 0.041016 0.031250
1 0.467285 0.337891 0.026367 0.029297
1 0.890625 0.433105 0.039062 0.034180
1 0.639648 0.441406 0.052734 0.031250
1 0.805176 0.443359 0.032227 0.021484
1 0.433105 0.458008 0.047852 0.023438
1 0.104004 0.523926 0.047852 0.030273
1 0.251465 0.533203 0.038086 0.037109
1 0.958984 0.538574 0.031250 0.030273
1 0.951660 0.567871 0.030273 0.030273
1 0.823242 0.720703 0.060547 0.035156
1 0.628418 0.759766 0.030273 0.048828
1 0.905762 0.833008 0.041992 0.031250
1 0.327148 0.831055 0.027344 0.023438
1 0.978516 0.849121 0.042969 0.026367
2 0.411133 0.172363 0.025391 0.034180
2 0.015137 0.185547 0.016602 0.027344
2 0.471680 0.312988 0.037109 0.030273
2 0.396484 0.402832 0.019531 0.012695
2 0.260254 0.489258 0.032227 0.039062
2 0.963867 0.510254 0.029297 0.030273
2 0.062988 0.672363 0.043945 0.028320
