0 0.914551 0.012695 0.157227 0.025391
0 0.079102 0.192871 0.041016 0.061523
0 0.008301 0.195801 0.016602 0.045898
0 0.254395 0.200195 0.045898 0.050781
0 0.030273 0.201172 0.035156 0.039062
0 0.885742 0.195312 0.048828 0.027344
0 0.210449 0.204590 0.032227 0.041992
0 0.995117 0.219238 0.009766 0.061523
0 0.611328 0.210938 0.042969 0.039062
0 0.520996 0.212891 0.032227 0.039062
0 0.545410 0.221191 0.034180 0.053711
0 0.399902 0.220703 0.053711 0.050781
0 0.490234 0.218750 0.033203 0.044922
0 0.563965 0.214844 0.024414 0.037109
0 0.704590 0.215332 0.049805 0.036133
0 0.770508 0.244629 0.050781 0.075195
0 0.732910 0.234863 0.032227 0.041992
0 0.132812 0.291016 0.101562 0.130859
0 0.859375 0.234863 0.015625 0.010742
0 0.597656 0.253906 0.050781 0.046875
0 0.234375 0.240723 0.021484 0.016602
0 0.214844 0.255859 0.041016 0.041016
0 0.495117 0.249512 0.017578 0.020508
0 0.311035 0.256836 0.045898 0.031250
0 0.409180 0.249512 0.013672 0.012695
0 0.566895 0.281738 0.047852 0.028320
0 0.304688 0.287109 0.042969 0.033203
0 0.560059 0.298340 0.047852 0.034180
0 0.718750 0.306152 0.037109 0.045898
0 0.203613 0.296387 0.034180 0.020508
0 0.291992 0.302246 0.039062 0.022461
0 0.551270 0.314941 0.047852 0.028320
0 0.016113 0.318359 0.022461 0.025391
0 0.272949 0.319336 0.032227 0.027344
0 0.466797 0.322266 0.042969 0.031250
0 0.183105 0.321289 0.036133 0.025391
0 0.772461 0.329102 0.033203 0.041016
0 0.363770 0.331055 0.047852 0.031250
0 0.009277 0.337402 0.018555 0.022461
0 0.081543 0.354980 0.038086 0.028320
0 0.167480 0.362793 0.038086 0.024414
0 0.529297 0.369141 0.054688 0.035156
0 0.442383 0.371582 0.044922 0.030273
0 0.340332 0.373535 0.040039 0.030273
0 0.632324 0.375000 0.045898 0.029297
0 0.262695 0.383301 0.068359 0.043945
0 0.675781 0.394043 0.039062 0.061523
0 0.623535 0.389648 0.034180 0.027344
0 0.522461 0.401855 0.050781 0.043945
0 0.327148 0.394531 0.033203 0.027344
0 0.059570 0.399902 0.035156 0.028320
0 0.711426 0.408691 0.028320 0.043945
0 0.246094 0.404297 0.048828 0.029297
0 0.440430 0.412109 0.052734 0.035156
0 0.156738 0.412109 0.032227 0.025391
0 0.412598 0.431152 0.043945 0.051758
0 0.616699 0.420898 0.045898 0.031250
0 0.042480 0.430176 0.051758 0.041992
0 0.266602 0.427734 0.019531 0.021484
0 0.309570 0.437012 0.037109 0.032227
0 0.500488 0.441895 0.043945 0.036133
0 0.486816 0.456543 0.047852 0.028320
0 0.299316 0.458008 0.036133 0.029297
0 0.129883 0.459473 0.037109 0.024414
0 0.396484 0.470215 0.042969 0.045898
0 0.032227 0.475586 0.050781 0.037109
0 0.699707 0.480957 0.028320 0.043945
0 0.113770 0.479492 0.041992 0.037109
0 0.652832 0.476074 0.030273 0.028320
0 0.489746 0.479004 0.040039 0.026367
0 0.294434 0.482422 0.034180 0.029297
0 0.387207 0.495605 0.041992 0.030273
0 0.278809 0.500000 0.034180 0.027344
0 0.198730 0.512207 0.045898 0.026367
0 0.568359 0.515137 0.041016 0.028320
0 0.011719 0.518555 0.023438 0.025391
0 0.270020 0.524902 0.043945 0.034180
0 0.090332 0.525391 0.049805 0.031250
0 0.188965 0.528320 0.040039 0.025391
0 0.598633 0.526367 0.019531 0.019531
0 0.367188 0.547852 0.052734 0.048828
0 0.260254 0.544922 0.030273 0.029297
0 0.460938 0.543945 0.037109 0.029297
0 0.447754 0.559570 0.041992 0.029297
0 0.624512 0.563965 0.026367 0.038086
0 0.083008 0.561523 0.035156 0.027344
0 0.645020 0.570312 0.030273 0.046875
0 0.247559 0.566895 0.036133 0.030273
0 0.665039 0.564453 0.025391 0.027344
0 0.539551 0.575684 0.043945 0.038086
0 0.057129 0.591797 0.053711 0.035156
0 0.240234 0.589355 0.037109 0.028320
0 0.153320 0.591309 0.031250 0.028320
0 0.528320 0.601074 0.042969 0.032227
0 0.425293 0.606934 0.055664 0.038086
0 0.583984 0.627930 0.046875 0.058594
0 0.332031 0.630371 0.050781 0.038086
0 0.628418 0.640137 0.049805 0.057617
0 0.220703 0.631836 0.039062 0.033203
0 0.039062 0.647461 0.039062 0.044922
0 0.320801 0.652832 0.041992 0.036133
0 0.210449 0.655762 0.041992 0.028320
0 0.308105 0.676758 0.040039 0.044922
0 0.493652 0.706055 0.067383 0.060547
0 0.387695 0.697754 0.050781 0.034180
0 0.195312 0.699219 0.035156 0.029297
0 0.537598 0.707031 0.030273 0.042969
0 0.296875 0.711426 0.050781 0.032227
0 0.559570 0.717773 0.033203 0.044922
0 0.140625 0.714844 0.023438 0.025391
0 0.179688 0.717285 0.039062 0.032227
0 0.010254 0.728516 0.020508 0.033203
0 0.178711 0.744141 0.041016 0.031250
0 0.466797 0.745605 0.046875 0.034180
0 0.993164 0.762207 0.013672 0.059570
0 0.168945 0.764648 0.037109 0.029297
0 0.437012 0.770508 0.026367 0.027344
0 0.088867 0.781250 0.033203 0.046875
0 0.328613 0.782227 0.036133 0.044922
0 0.471680 0.792969 0.087891 0.064453
0 0.349121 0.786621 0.028320 0.047852
0 0.059082 0.782715 0.030273 0.036133
0 0.274902 0.790527 0.034180 0.045898
0 0.107910 0.790527 0.024414 0.036133
0 0.242188 0.790039 0.025391 0.035156
0 0.307129 0.793457 0.022461 0.034180
0 0.425293 0.795898 0.018555 0.019531
0 0.357910 0.804688 0.030273 0.035156
0 0.657227 0.809570 0.039062 0.021484
1 0.483887 0.278809 0.053711 0.043945
1 0.195801 0.277832 0.032227 0.022461
1 0.018066 0.292969 0.034180 0.027344
1 0.278320 0.344727 0.060547 0.048828
1 0.344238 0.352051 0.041992 0.030273
1 0.548828 0.357910 0.033203 0.026367
1 0.152832 0.385254 0.041992 0.030273
1 0.084961 0.385742 0.035156 0.025391
1 0.440430 0.391602 0.044922 0.029297
1 0.689453 0.408203 0.031250 0.048828
1 0.319336 0.416992 0.037109 0.029297
1 0.586426 0.460938 0.041992 0.029297
1 0.676270 0.473633 0.026367 0.035156
1 0.467285 0.519531 0.045898 0.037109
1 0.363281 0.570801 0.037109 0.024414
1 0.436523 0.580566 0.041016 0.032227
1 0.340820 0.606445 0.041016 0.031250
1 0.233398 0.611816 0.037109 0.030273
1 0.202637 0.676758 0.038086 0.031250
1 0.026367 0.675293 0.039062 0.026367
1 0.101074 0.736816 0.040039 0.028320
1 0.521484 0.789551 0.044922 0.067383
1 0.156738 0.788086 0.036133 0.033203
2 0.671875 0.284180 0.048828 0.031250
2 0.587402 0.437500 0.032227 0.029297
2 0.479492 0.500000 0.037109 0.027344
2 0.340332 0.585938 0.026367 0.023438
2 0.152832 0.618164 0.045898 0.029297
2 0.147949 0.641602 0.057617 0.037109
