0 0.359375 0.024414 0.039062 0.035156
0 0.475586 0.024902 0.046875 0.036133
0 0.644531 0.018066 0.037109 0.022461
0 0.868164 0.016113 0.042969 0.018555
0 0.766602 0.028320 0.039062 0.039062
0 0.550781 0.037109 0.039062 0.041016
0 0.455078 0.049316 0.054688 0.059570
0 0.651855 0.047363 0.047852 0.038086
0 0.937500 0.050293 0.048828 0.045898
0 0.678223 0.083008 0.055664 0.083984
0 0.376465 0.063477 0.053711 0.037109
0 0.561523 0.070312 0.046875 0.037109
0 0.901367 0.089844 0.074219 0.072266
0 0.786133 0.083008 0.060547 0.056641
0 0.748047 0.086914 0.021484 0.023438
0 0.528809 0.088867 0.020508 0.021484
0 0.582520 0.105957 0.049805 0.045898
0 0.758301 0.116211 0.043945 0.041016
0 0.042969 0.135742 0.042969 0.066406
0 0.706543 0.130371 0.047852 0.038086
0 0.604004 0.139648 0.053711 0.050781
0 0.867676 0.136719 0.051758 0.042969
0 0.541504 0.145020 0.043945 0.051758
0 0.742676 0.144043 0.018555 0.020508
0 0.844238 0.161133 0.049805 0.052734
0 0.724121 0.163574 0.040039 0.043945
0 0.144531 0.200195 0.111328 0.113281
0 0.622070 0.168457 0.048828 0.043945
0 0.563965 0.178711 0.043945 0.054688
0 0.455078 0.183594 0.050781 0.042969
0 0.816406 0.182617 0.041016 0.037109
0 0.970703 0.204102 0.058594 0.074219
0 0.651855 0.200195 0.041992 0.044922
0 0.577637 0.213379 0.043945 0.049805
0 0.940918 0.204590 0.022461 0.026367
0 0.666016 0.233398 0.044922 0.052734
0 0.416504 0.228027 0.036133 0.038086
0 0.769531 0.239258 0.048828 0.050781
0 0.920410 0.248535 0.067383 0.055664
0 0.439941 0.241699 0.034180 0.038086
0 0.805176 0.238770 0.012695 0.012695
0 0.502930 0.258301 0.048828 0.043945
0 0.261230 0.284668 0.090820 0.086914
0 0.748047 0.268555 0.052734 0.056641
0 0.624512 0.278320 0.047852 0.048828
0 0.386230 0.359863 0.186523 0.196289
0 0.197754 0.335938 0.155273 0.144531
0 0.523926 0.285156 0.051758 0.042969
0 0.869629 0.306152 0.098633 0.057617
0 0.723633 0.297852 0.046875 0.037109
0 0.553223 0.320312 0.038086 0.044922
0 0.682617 0.349609 0.044922 0.060547
0 0.563477 0.354004 0.058594 0.055664
0 0.094727 0.391602 0.048828 0.056641
0 0.602051 0.397949 0.051758 0.049805
0 0.517578 0.412109 0.031250 0.031250
0 0.772949 0.420410 0.022461 0.022461
0 0.816406 0.432617 0.046875 0.044922
0 0.990234 0.451660 0.019531 0.043945
0 0.800781 0.455566 0.041016 0.043945
0 0.958984 0.465332 0.050781 0.043945
0 0.769043 0.484863 0.055664 0.053711
0 0.915527 0.481934 0.043945 0.041992
0 0.717773 0.505371 0.048828 0.067383
0 0.991211 0.497070 0.017578 0.029297
0 0.370605 0.510742 0.041992 0.041016
0 0.973633 0.513184 0.027344 0.028320
0 0.879883 0.553711 0.072266 0.066406
0 0.960449 0.545898 0.047852 0.052734
0 0.395508 0.596191 0.095703 0.090820
0 0.547363 0.569824 0.040039 0.038086
0 0.476562 0.742188 0.271484 0.281250
0 0.932129 0.668945 0.061523 0.056641
0 0.315918 0.662109 0.041992 0.039062
0 0.456055 0.683105 0.064453 0.067383
0 0.834473 0.659668 0.022461 0.020508
0 0.770508 0.677246 0.052734 0.051758
0 0.837891 0.726074 0.085938 0.094727
0 0.082031 0.758789 0.140625 0.125000
0 0.684082 0.749023 0.083008 0.095703
0 0.397949 0.754395 0.045898 0.047852
0 0.923340 0.784180 0.040039 0.044922
0 0.798828 0.786133 0.044922 0.037109
0 0.358398 0.795410 0.056641 0.051758
0 0.733398 0.791504 0.031250 0.032227
0 0.644043 0.811035 0.047852 0.049805
0 0.749512 0.804199 0.012695 0.012695
0 0.890625 0.822754 0.041016 0.047852
0 0.781738 0.818848 0.036133 0.032227
0 0.925781 0.817871 0.019531 0.018555
0 0.164551 0.846680 0.057617 0.050781
0 0.071777 0.871094 0.086914 0.093750
0 0.759766 0.844727 0.041016 0.033203
0 0.937988 0.847656 0.024414 0.023438
0 0.983887 0.859375 0.032227 0.035156
0 0.737793 0.864746 0.036133 0.034180
0 0.943359 0.890137 0.068359 0.067383
0 0.873047 0.865234 0.013672 0.011719
0 0.707031 0.888184 0.033203 0.043945
0 0.539062 0.898438 0.064453 0.058594
0 0.188965 0.897461 0.036133 0.031250
0 0.088379 0.924805 0.028320 0.029297
0 0.169922 0.927246 0.039062 0.032227
0 0.573242 0.942383 0.052734 0.056641
0 0.496094 0.931641 0.027344 0.029297
0 0.840332 0.922363 0.012695 0.012695
0 0.854980 0.936035 0.014648 0.014648
0 0.895508 0.951660 0.046875 0.038086
0 0.534180 0.944824 0.023438 0.022461
0 0.138184 0.962891 0.049805 0.050781
0 0.603027 0.977051 0.049805 0.045898
0 0.468750 0.986816 0.058594 0.026367
0 0.566406 0.987793 0.019531 0.020508
0 0.115723 0.989746 0.043945 0.020508
1 0.500488 0.077148 0.036133 0.048828
1 0.100586 0.081055 0.039062 0.039062
1 0.086914 0.107910 0.039062 0.036133
1 0.515137 0.118164 0.047852 0.039062
1 0.794922 0.214844 0.048828 0.048828
1 0.037598 0.274414 0.045898 0.048828
1 0.699219 0.318359 0.048828 0.050781
1 0.401855 0.474609 0.084961 0.083984
1 0.837402 0.589844 0.043945 0.046875
1 0.808105 0.642090 0.053711 0.053711
1 0.369629 0.662109 0.045898 0.042969
1 0.271484 0.694824 0.083984 0.069336
1 0.867188 0.843262 0.037109 0.034180
2 0.224121 0.055176 0.040039 0.038086
2 0.476562 0.219238 0.039062 0.051758
2 0.305664 0.613281 0.052734 0.056641
