0 0.369629 0.025391 0.055664 0.041016
0 0.526367 0.034668 0.064453 0.055664
0 0.708008 0.033691 0.074219 0.053711
0 0.920898 0.018555 0.042969 0.023438
0 0.142578 0.020020 0.048828 0.024414
0 0.332520 0.057617 0.053711 0.050781
0 0.569336 0.065430 0.080078 0.066406
0 0.262207 0.079102 0.032227 0.035156
0 0.159668 0.083008 0.032227 0.031250
0 0.614258 0.108887 0.078125 0.053711
0 0.087402 0.104492 0.038086 0.035156
0 0.279297 0.105957 0.037109 0.032227
0 0.354980 0.106445 0.024414 0.023438
0 0.306641 0.129883 0.042969 0.041016
0 0.985840 0.150879 0.028320 0.073242
0 0.800781 0.136230 0.035156 0.034180
0 0.208496 0.145508 0.041992 0.044922
0 0.333496 0.152344 0.036133 0.039062
0 0.358887 0.176270 0.038086 0.038086
0 0.755371 0.193848 0.057617 0.047852
0 0.924316 0.208008 0.090820 0.068359
0 0.273926 0.193848 0.036133 0.034180
0 0.388184 0.200684 0.041992 0.038086
0 0.825195 0.208984 0.054688 0.048828
0 0.417480 0.216797 0.040039 0.041016
0 0.295898 0.221191 0.046875 0.036133
0 0.195801 0.247070 0.051758 0.046875
0 0.255371 0.229492 0.012695 0.013672
0 0.455078 0.259277 0.070312 0.065430
0 0.655762 0.242676 0.024414 0.022461
0 0.263184 0.247559 0.022461 0.022461
0 0.904297 0.268555 0.052734 0.052734
0 0.352539 0.272461 0.042969 0.031250
0 0.774414 0.284180 0.048828 0.039062
0 0.498535 0.290039 0.047852 0.048828
0 0.380371 0.291992 0.036133 0.042969
0 0.583496 0.293945 0.041992 0.035156
0 0.123047 0.315430 0.074219 0.074219
0 0.815430 0.313965 0.054688 0.049805
0 0.727539 0.318359 0.070312 0.052734
0 0.262207 0.307617 0.018555 0.021484
0 0.517090 0.318848 0.034180 0.034180
0 0.557617 0.312012 0.015625 0.014648
0 0.631836 0.339355 0.060547 0.053711
0 0.227539 0.339844 0.031250 0.037109
0 0.545410 0.343750 0.040039 0.041016
0 0.851562 0.349609 0.060547 0.052734
0 0.746582 0.353027 0.043945 0.041992
0 0.775879 0.369141 0.043945 0.060547
0 0.573730 0.361328 0.040039 0.033203
0 0.892090 0.380371 0.051758 0.063477
0 0.616699 0.386230 0.069336 0.055664
0 0.469238 0.388672 0.069336 0.058594
0 0.815918 0.402344 0.057617 0.042969
0 0.048340 0.419922 0.043945 0.041016
0 0.480957 0.412598 0.020508 0.020508
0 0.844727 0.427246 0.050781 0.045898
0 0.429688 0.431152 0.039062 0.040039
0 0.636230 0.449707 0.051758 0.049805
0 0.061523 0.441406 0.048828 0.029297
0 0.025391 0.480957 0.041016 0.096680
0 0.390137 0.473633 0.061523 0.074219
0 0.297852 0.461426 0.044922 0.045898
0 0.767578 0.473633 0.054688 0.060547
0 0.481934 0.471680 0.055664 0.046875
0 0.914551 0.479980 0.043945 0.043945
0 0.601074 0.476562 0.028320 0.027344
0 0.179688 0.487305 0.039062 0.033203
0 0.421387 0.486816 0.018555 0.018555
0 0.462402 0.502930 0.043945 0.044922
0 0.717285 0.518555 0.063477 0.052734
0 0.363281 0.518066 0.044922 0.043945
0 0.592285 0.529785 0.061523 0.047852
0 0.980957 0.537109 0.038086 0.046875
0 0.393066 0.530273 0.018555 0.015625
0 0.686035 0.547852 0.069336 0.046875
0 0.469238 0.547852 0.040039 0.042969
0 0.851074 0.549805 0.061523 0.048828
0 0.351562 0.556152 0.041016 0.040039
0 0.885742 0.584473 0.044922 0.073242
0 0.602539 0.570801 0.033203 0.041992
0 0.489746 0.571777 0.059570 0.041992
0 0.445312 0.562500 0.015625 0.013672
0 0.227539 0.583984 0.041016 0.050781
0 0.330078 0.589844 0.044922 0.050781
0 0.793457 0.599121 0.043945 0.063477
0 0.525879 0.599609 0.034180 0.044922
0 0.626465 0.600586 0.045898 0.044922
0 0.687500 0.609375 0.054688 0.052734
0 0.916992 0.611328 0.076172 0.056641
0 0.544922 0.646484 0.064453 0.076172
0 0.829102 0.637695 0.052734 0.048828
0 0.174805 0.640137 0.044922 0.040039
0 0.280762 0.636719 0.038086 0.035156
0 0.500488 0.630371 0.014648 0.010742
0 0.257324 0.668457 0.036133 0.047852
0 0.518555 0.656738 0.015625 0.016602
0 0.980957 0.669434 0.038086 0.040039
0 0.864746 0.673340 0.043945 0.041992
0 0.312988 0.672363 0.030273 0.030273
0 0.741211 0.678223 0.035156 0.040039
0 0.359863 0.683594 0.043945 0.046875
0 0.477539 0.677246 0.035156 0.034180
0 0.898926 0.695312 0.043945 0.056641
0 0.235352 0.692871 0.037109 0.043945
0 0.772949 0.701172 0.043945 0.058594
0 0.131348 0.694824 0.045898 0.038086
0 0.516602 0.709961 0.056641 0.062500
0 0.597168 0.719238 0.045898 0.047852
0 0.217773 0.721680 0.037109 0.042969
0 0.714355 0.724609 0.061523 0.041016
0 0.947266 0.733887 0.060547 0.061523
0 0.479492 0.733887 0.041016 0.055664
0 0.808105 0.728027 0.047852 0.040039
0 0.683594 0.744629 0.042969 0.045898
0 0.190430 0.746582 0.044922 0.045898
0 0.610840 0.751465 0.045898 0.043945
0 0.454590 0.774414 0.065430 0.064453
0 0.397461 0.764648 0.031250 0.031250
0 0.652832 0.783691 0.051758 0.055664
0 0.788086 0.781738 0.056641 0.047852
0 0.056152 0.779785 0.036133 0.030273
0 0.039551 0.801270 0.036133 0.043945
0 0.888672 0.813477 0.060547 0.048828
0 0.763184 0.813477 0.045898 0.041016
0 0.685059 0.822754 0.043945 0.051758
0 0.121582 0.827637 0.038086 0.040039
0 0.418457 0.831543 0.051758 0.049805
0 0.932617 0.833008 0.052734 0.048828
0 0.143066 0.818359 0.012695 0.011719
0 0.326660 0.828125 0.032227 0.031250
0 0.387695 0.844727 0.031250 0.031250
0 0.593750 0.851562 0.046875 0.035156
0 0.876953 0.860840 0.054688 0.053711
0 0.104980 0.859863 0.045898 0.045898
0 0.354980 0.876953 0.057617 0.074219
0 0.962891 0.868652 0.050781 0.053711
0 0.155762 0.862305 0.036133 0.035156
0 0.742188 0.871094 0.046875 0.039062
0 0.924316 0.864746 0.020508 0.020508
0 0.570801 0.878906 0.055664 0.046875
0 0.072266 0.882812 0.041016 0.039062
0 0.632324 0.889160 0.045898 0.047852
0 0.857910 0.897461 0.065430 0.058594
0 0.987305 0.891113 0.025391 0.040039
0 0.771973 0.894531 0.040039 0.041016
0 0.125488 0.893066 0.026367 0.024414
0 0.044434 0.909180 0.038086 0.048828
0 0.243164 0.897461 0.025391 0.023438
0 0.543457 0.916504 0.055664 0.055664
0 0.216309 0.905762 0.030273 0.030273
0 0.328613 0.932617 0.063477 0.072266
0 0.117676 0.913086 0.018555 0.023438
0 0.685547 0.930664 0.035156 0.048828
0 0.028809 0.939941 0.043945 0.055664
0 0.243164 0.955566 0.078125 0.077148
0 0.590332 0.938477 0.061523 0.041016
0 0.821777 0.941895 0.040039 0.045898
0 0.712891 0.963867 0.046875 0.050781
0 0.935059 0.958496 0.038086 0.038086
0 0.853516 0.964355 0.042969 0.043945
0 0.491699 0.976074 0.055664 0.047852
0 0.057129 0.968262 0.028320 0.026367
0 0.210449 0.980957 0.081055 0.038086
0 0.745605 0.980957 0.036133 0.034180
0 0.878906 0.983887 0.039062 0.032227
0 0.289062 0.991699 0.027344 0.016602
0 0.527344 0.991211 0.033203 0.017578
0 0.674316 0.991699 0.034180 0.016602
0 0.904297 0.993164 0.021484 0.013672
0 0.328613 0.994141 0.022461 0.011719
1 0.176270 0.036621 0.047852 0.051758
1 0.760742 0.070801 0.050781 0.057617
1 0.667969 0.133301 0.052734 0.053711
1 0.036621 0.162109 0.040039 0.039062
1 0.241699 0.174805 0.047852 0.046875
1 0.696289 0.186523 0.048828 0.060547
1 0.317871 0.247070 0.045898 0.046875
1 0.689941 0.291016 0.043945 0.044922
1 0.418457 0.322754 0.045898 0.045898
1 0.395020 0.349609 0.043945 0.041016
1 0.375488 0.379395 0.041992 0.036133
1 0.346680 0.408691 0.035156 0.040039
1 0.280762 0.489258 0.041992 0.050781
1 0.950195 0.501465 0.048828 0.047852
1 0.574219 0.512207 0.052734 0.045898
1 0.250488 0.562500 0.036133 0.041016
1 0.089844 0.589844 0.017578 0.019531
1 0.582520 0.687988 0.041992 0.034180
1 0.109863 0.723633 0.036133 0.037109
1 0.087402 0.750977 0.036133 0.037109
1 0.834473 0.763672 0.053711 0.062500
1 0.979004 0.760254 0.041992 0.055664
1 0.169434 0.775879 0.051758 0.043945
1 0.138672 0.798340 0.037109 0.040039
1 0.021973 0.833008 0.030273 0.041016
1 0.656738 0.917480 0.053711 0.041992
1 0.796387 0.918457 0.045898 0.041992
1 0.613770 0.965332 0.040039 0.036133
1 0.643555 0.979980 0.046875 0.040039
2 0.593262 0.200684 0.047852 0.045898
2 0.323242 0.438477 0.041016 0.035156
2 0.270020 0.531250 0.036133 0.041016
2 0.201172 0.615234 0.046875 0.046875
2 0.954590 0.645020 0.065430 0.057617
2 0.155762 0.669434 0.038086 0.040039
2 0.719727 0.847168 0.041016 0.034180
2 0.960449 0.927246 0.049805 0.049805
3 0.554199 0.243652 0.051758 0.053711
