0 0.153809 0.026855 0.094727 0.040039
0 0.302246 0.022461 0.053711 0.031250
0 0.375488 0.039062 0.075195 0.056641
0 0.285645 0.048340 0.053711 0.051758
0 0.490723 0.087891 0.139648 0.128906
0 0.926270 0.095703 0.092773 0.142578
0 0.354004 0.063965 0.073242 0.065430
0 0.241211 0.104980 0.070312 0.067383
0 0.320801 0.111816 0.086914 0.083008
0 0.060059 0.343262 0.061523 0.051758
0 0.275391 0.358398 0.083984 0.066406
0 0.149414 0.349121 0.042969 0.043945
0 0.179199 0.347656 0.034180 0.037109
0 0.341797 0.353516 0.035156 0.037109
0 0.435059 0.365234 0.049805 0.052734
0 0.684082 0.400391 0.114258 0.109375
0 0.546387 0.380859 0.094727 0.064453
0 0.771973 0.385254 0.065430 0.049805
0 0.046387 0.394043 0.049805 0.036133
0 0.816406 0.418457 0.046875 0.073242
0 0.458984 0.399414 0.025391 0.013672
0 0.112305 0.411621 0.037109 0.032227
0 0.868652 0.441895 0.053711 0.092773
0 0.025879 0.414551 0.036133 0.036133
0 0.432617 0.415039 0.037109 0.035156
0 0.317871 0.416992 0.040039 0.035156
0 0.477051 0.439453 0.059570 0.062500
0 0.095703 0.429199 0.042969 0.038086
0 0.411133 0.436523 0.046875 0.042969
0 0.300781 0.445801 0.035156 0.038086
0 0.446289 0.437500 0.015625 0.015625
0 0.084961 0.453613 0.042969 0.038086
0 0.390625 0.453613 0.048828 0.034180
0 0.188965 0.458496 0.043945 0.038086
0 0.251465 0.480469 0.055664 0.060547
0 0.069824 0.471680 0.041992 0.039062
0 0.171387 0.474609 0.034180 0.033203
0 0.382812 0.477539 0.042969 0.029297
0 0.216309 0.473145 0.012695 0.014648
0 0.205078 0.488281 0.015625 0.015625
0 0.062500 0.499023 0.029297 0.029297
0 0.603027 0.535645 0.108398 0.090820
0 0.048340 0.513672 0.041992 0.039062
0 0.219238 0.526367 0.055664 0.060547
0 0.419922 0.538574 0.070312 0.065430
0 0.137695 0.524902 0.035156 0.032227
0 0.023926 0.528320 0.036133 0.033203
0 0.930176 0.601074 0.110352 0.118164
0 0.017090 0.556641 0.024414 0.025391
0 0.856934 0.558594 0.028320 0.029297
0 0.112793 0.565430 0.047852 0.041016
0 0.206543 0.575684 0.041992 0.045898
0 0.013672 0.572754 0.019531 0.030273
0 0.099121 0.584473 0.045898 0.043945
0 0.168457 0.579102 0.014648 0.013672
0 0.547852 0.616211 0.087891 0.072266
0 0.078613 0.609863 0.038086 0.034180
0 0.473145 0.614258 0.028320 0.029297
0 0.162598 0.624023 0.049805 0.042969
0 0.064453 0.629395 0.050781 0.040039
0 0.334473 0.655273 0.092773 0.076172
0 0.153320 0.648438 0.031250 0.031250
0 0.460449 0.652344 0.040039 0.037109
0 0.039551 0.653320 0.036133 0.029297
0 0.268555 0.692871 0.123047 0.098633
0 0.130859 0.666504 0.048828 0.038086
0 0.107422 0.657227 0.015625 0.015625
0 0.031250 0.676758 0.035156 0.033203
0 0.112793 0.692871 0.040039 0.034180
0 0.014648 0.699219 0.025391 0.031250
0 0.429199 0.714844 0.061523 0.052734
0 0.479980 0.720703 0.028320 0.029297
0 0.094727 0.721680 0.033203 0.029297
0 0.398438 0.731445 0.035156 0.033203
0 0.071289 0.736328 0.042969 0.039062
0 0.033203 0.737305 0.019531 0.019531
0 0.421875 0.740723 0.017578 0.016602
0 0.461426 0.763184 0.051758 0.045898
0 0.382812 0.769043 0.042969 0.034180
0 0.045898 0.786133 0.042969 0.039062
0 0.492676 0.780273 0.026367 0.027344
0 0.211914 0.827637 0.093750 0.086914
0 0.356445 0.823730 0.048828 0.067383
0 0.042480 0.815918 0.038086 0.036133
0 0.024414 0.831543 0.042969 0.030273
0 0.130859 0.875977 0.119141 0.101562
0 0.018066 0.848145 0.032227 0.034180
0 0.501465 0.867188 0.038086 0.037109
0 0.321777 0.871582 0.047852 0.040039
0 0.012207 0.871582 0.014648 0.028320
0 0.394043 0.871582 0.022461 0.020508
0 0.748535 0.907227 0.067383 0.076172
0 0.358398 0.923828 0.121094 0.103516
0 0.819336 0.928711 0.078125 0.089844
0 0.323730 0.900391 0.022461 0.023438
0 0.478027 0.939941 0.083008 0.079102
1 0.108398 0.337891 0.050781 0.042969
1 0.324219 0.349121 0.031250 0.034180
1 0.385742 0.353027 0.039062 0.038086
1 0.153809 0.506348 0.049805 0.040039
1 0.129883 0.543457 0.044922 0.040039
1 0.236816 0.751953 0.096680 0.076172
1 0.068359 0.759277 0.041016 0.034180
1 0.229004 0.786133 0.075195 0.056641
2 0.401855 0.826660 0.040039 0.034180
3 0.140137 0.388672 0.036133 0.019531
