0 0.096680 0.030762 0.064453 0.047852
0 0.341309 0.021973 0.059570 0.030273
0 0.399902 0.023926 0.043945 0.034180
0 0.463867 0.020996 0.066406 0.028320
0 0.562988 0.030273 0.079102 0.046875
0 0.709473 0.021484 0.043945 0.029297
0 0.800293 0.020508 0.038086 0.027344
0 0.911133 0.023926 0.042969 0.034180
0 0.625488 0.042480 0.045898 0.047852
0 0.858887 0.030273 0.022461 0.021484
0 0.896484 0.045898 0.039062 0.046875
0 0.793945 0.051758 0.039062 0.048828
0 0.977051 0.075195 0.045898 0.087891
0 0.851074 0.045898 0.022461 0.021484
0 0.692871 0.063477 0.053711 0.046875
0 0.057617 0.067871 0.046875 0.038086
0 0.206543 0.075684 0.040039 0.045898
0 0.873047 0.075195 0.046875 0.042969
0 0.811523 0.098633 0.044922 0.044922
0 0.038574 0.103516 0.049805 0.046875
0 0.856934 0.098145 0.026367 0.022461
0 0.180664 0.122559 0.046875 0.041992
0 0.845215 0.125977 0.040039 0.042969
0 0.738281 0.135254 0.046875 0.047852
0 0.964355 0.122559 0.016602 0.016602
0 0.022949 0.135742 0.032227 0.041016
0 0.164551 0.144043 0.045898 0.038086
0 0.971680 0.141113 0.021484 0.020508
0 0.269043 0.168457 0.073242 0.071289
0 0.343750 0.153809 0.042969 0.032227
0 0.654785 0.167969 0.043945 0.041016
0 0.039062 0.162598 0.017578 0.018555
0 0.946777 0.180176 0.040039 0.053711
0 0.098633 0.172852 0.025391 0.027344
0 0.143555 0.187012 0.056641 0.057617
0 0.378418 0.184570 0.038086 0.048828
0 0.897461 0.179688 0.031250 0.037109
0 0.027344 0.178223 0.019531 0.020508
0 0.924316 0.179199 0.020508 0.018555
0 0.083496 0.195801 0.022461 0.020508
0 0.701660 0.210449 0.053711 0.038086
0 0.108887 0.216309 0.049805 0.043945
0 0.433105 0.219238 0.040039 0.045898
0 0.228027 0.217285 0.047852 0.036133
0 0.267090 0.220215 0.026367 0.024414
0 0.335938 0.237305 0.054688 0.056641
0 0.064453 0.226074 0.025391 0.026367
0 0.463379 0.239258 0.051758 0.037109
0 0.096191 0.245117 0.047852 0.044922
0 0.744141 0.231934 0.019531 0.018555
0 0.195801 0.261230 0.040039 0.041992
0 0.275391 0.253418 0.027344 0.024414
0 0.072266 0.270020 0.042969 0.047852
0 0.303223 0.271484 0.040039 0.035156
0 0.412598 0.276855 0.038086 0.040039
0 0.962402 0.277344 0.045898 0.035156
0 0.527344 0.297363 0.058594 0.065430
0 0.284668 0.290039 0.043945 0.046875
0 0.250000 0.278320 0.013672 0.013672
0 0.244629 0.292480 0.020508 0.018555
0 0.159668 0.311035 0.045898 0.049805
0 0.377441 0.323242 0.045898 0.054688
0 0.273438 0.319336 0.035156 0.042969
0 0.587402 0.335449 0.051758 0.063477
0 0.495117 0.333984 0.041016 0.041016
0 0.025879 0.344727 0.038086 0.052734
0 0.260742 0.349609 0.027344 0.029297
0 0.416504 0.341309 0.014648 0.014648
0 0.668457 0.369141 0.069336 0.066406
0 0.465820 0.360840 0.041016 0.032227
0 0.335449 0.370605 0.032227 0.034180
0 0.224121 0.395996 0.061523 0.081055
0 0.424805 0.385742 0.083984 0.054688
0 0.393555 0.370117 0.013672 0.013672
0 0.346680 0.382812 0.013672 0.013672
0 0.550293 0.413086 0.051758 0.066406
0 0.323730 0.397949 0.041992 0.034180
0 0.094727 0.416016 0.056641 0.048828
0 0.621582 0.407715 0.016602 0.016602
0 0.644531 0.435547 0.062500 0.066406
0 0.523926 0.423340 0.034180 0.032227
0 0.297852 0.434082 0.041016 0.038086
0 0.329102 0.423340 0.019531 0.018555
0 0.735352 0.450195 0.068359 0.066406
0 0.398438 0.458496 0.060547 0.065430
0 0.286621 0.467285 0.055664 0.045898
0 0.600098 0.498535 0.075195 0.094727
0 0.818359 0.480957 0.068359 0.055664
0 0.495605 0.491699 0.071289 0.069336
0 0.567383 0.473145 0.027344 0.032227
0 0.713379 0.481934 0.040039 0.040039
0 0.267578 0.494141 0.046875 0.041016
0 0.748535 0.498535 0.024414 0.022461
0 0.243652 0.515625 0.032227 0.037109
0 0.702148 0.515625 0.037109 0.037109
0 0.020020 0.529785 0.026367 0.053711
0 0.348633 0.529297 0.070312 0.054688
0 0.456543 0.523926 0.034180 0.036133
0 0.906250 0.541016 0.078125 0.064453
0 0.806641 0.526855 0.031250 0.030273
0 0.683594 0.538086 0.041016 0.042969
0 0.524414 0.527344 0.013672 0.013672
0 0.318848 0.562500 0.051758 0.068359
0 0.485352 0.541016 0.029297 0.025391
0 0.430176 0.575195 0.077148 0.078125
0 0.115723 0.558594 0.040039 0.042969
0 0.661621 0.562012 0.057617 0.043945
0 0.560547 0.558594 0.039062 0.033203
0 0.786621 0.557617 0.038086 0.033203
0 0.881348 0.570312 0.059570 0.048828
0 0.504395 0.556152 0.012695 0.012695
0 0.542969 0.580566 0.041016 0.045898
0 0.764160 0.579102 0.045898 0.039062
0 0.961914 0.613281 0.076172 0.095703
0 0.295898 0.591309 0.052734 0.043945
0 0.643555 0.593262 0.041016 0.041992
0 0.201660 0.608398 0.059570 0.060547
0 0.458984 0.592285 0.023438 0.022461
0 0.685547 0.593750 0.021484 0.019531
0 0.745605 0.608398 0.047852 0.044922
0 0.849609 0.607910 0.044922 0.041992
0 0.614258 0.609863 0.027344 0.026367
0 0.680664 0.607422 0.013672 0.013672
0 0.440430 0.618652 0.027344 0.024414
0 0.713867 0.621094 0.027344 0.025391
0 0.642578 0.629883 0.023438 0.025391
0 0.833496 0.635254 0.036133 0.032227
0 0.270508 0.642090 0.039062 0.032227
0 0.608887 0.647461 0.047852 0.041016
0 0.480957 0.656250 0.045898 0.048828
0 0.717285 0.653320 0.043945 0.039062
0 0.926270 0.683105 0.108398 0.094727
0 0.816895 0.660156 0.038086 0.037109
0 0.213867 0.657227 0.021484 0.021484
0 0.589355 0.668457 0.053711 0.040039
0 0.262695 0.665039 0.027344 0.029297
0 0.437012 0.683105 0.047852 0.036133
0 0.793457 0.683594 0.036133 0.035156
0 0.850586 0.676270 0.015625 0.018555
0 0.253906 0.686035 0.027344 0.032227
0 0.558105 0.706543 0.063477 0.069336
0 0.345215 0.709473 0.059570 0.053711
0 0.232910 0.709961 0.030273 0.035156
0 0.634277 0.703613 0.024414 0.020508
0 0.775879 0.712402 0.036133 0.032227
0 0.319824 0.718262 0.036133 0.032227
0 0.875488 0.752441 0.104492 0.094727
0 0.806641 0.722168 0.033203 0.030273
0 0.656738 0.733887 0.047852 0.041992
0 0.762207 0.732422 0.034180 0.039062
0 0.307129 0.736328 0.038086 0.033203
0 0.535156 0.748535 0.041016 0.043945
0 0.351562 0.749512 0.031250 0.036133
0 0.744141 0.758789 0.042969 0.042969
0 0.294434 0.761719 0.041992 0.037109
0 0.644531 0.761230 0.039062 0.038086
0 0.366211 0.761230 0.025391 0.022461
0 0.969727 0.814453 0.060547 0.107422
0 0.622559 0.781738 0.036133 0.038086
0 0.739258 0.787598 0.064453 0.049805
0 0.276367 0.786621 0.048828 0.041992
0 0.387695 0.791016 0.050781 0.046875
0 0.825684 0.824707 0.106445 0.092773
0 0.495117 0.805176 0.042969 0.041992
0 0.603516 0.804688 0.056641 0.042969
0 0.710938 0.805664 0.041016 0.039062
0 0.314941 0.797363 0.018555 0.018555
0 0.362793 0.822754 0.059570 0.043945
0 0.695801 0.832031 0.045898 0.041016
0 0.339844 0.845703 0.052734 0.064453
0 0.735352 0.833984 0.021484 0.019531
0 0.539551 0.850098 0.045898 0.045898
0 0.665527 0.865723 0.055664 0.063477
0 0.450195 0.860352 0.048828 0.042969
0 0.572754 0.870605 0.047852 0.043945
0 0.732910 0.912109 0.110352 0.125000
0 0.943848 0.916504 0.112305 0.120117
0 0.427246 0.887207 0.041992 0.041992
0 0.639160 0.906738 0.041992 0.038086
0 0.695312 0.896973 0.017578 0.016602
0 0.521484 0.923828 0.054688 0.044922
0 0.393066 0.942871 0.041992 0.041992
0 0.498535 0.963379 0.061523 0.073242
0 0.588867 0.972168 0.035156 0.040039
0 0.805176 0.976562 0.055664 0.046875
0 0.923828 0.977051 0.101562 0.045898
0 0.408203 0.983887 0.029297 0.026367
0 0.427246 0.991699 0.024414 0.016602
1 0.940430 0.132324 0.048828 0.038086
1 0.616211 0.346680 0.060547 0.060547
1 0.135742 0.344238 0.041016 0.041992
1 0.114746 0.379395 0.055664 0.047852
1 0.190430 0.442383 0.033203 0.033203
1 0.375000 0.487793 0.050781 0.049805
1 0.237793 0.547363 0.049805 0.041992
1 0.418945 0.750977 0.048828 0.054688
1 0.541992 0.899902 0.044922 0.043945
1 0.409668 0.915039 0.041992 0.037109
2 0.225098 0.088379 0.040039 0.047852
2 0.498535 0.259766 0.043945 0.042969
2 0.514160 0.454590 0.040039 0.036133
2 0.172363 0.469238 0.032227 0.032227
2 0.499023 0.637207 0.048828 0.040039
2 0.471191 0.827148 0.040039 0.039062
3 0.044922 0.321777 0.039062 0.041992
