0 0.088379 0.028809 0.038086 0.057617
0 0.437500 0.016113 0.064453 0.032227
0 0.595703 0.017090 0.042969 0.034180
0 0.176270 0.039062 0.040039 0.042969
0 0.611816 0.041504 0.041992 0.030273
0 0.729004 0.044434 0.032227 0.026367
0 0.055664 0.043457 0.015625 0.014648
0 0.036133 0.066895 0.068359 0.059570
0 0.213379 0.065918 0.047852 0.049805
0 0.356934 0.059082 0.036133 0.036133
0 0.322266 0.063477 0.039062 0.039062
0 0.149902 0.057617 0.020508 0.019531
0 0.444336 0.074707 0.041016 0.034180
0 0.141602 0.071777 0.025391 0.020508
0 0.626953 0.077637 0.042969 0.034180
0 0.736328 0.092773 0.056641 0.060547
0 0.177246 0.077148 0.022461 0.021484
0 0.659668 0.081543 0.020508 0.014648
0 0.239746 0.101074 0.053711 0.045898
0 0.127930 0.098145 0.041016 0.032227
0 0.670410 0.102539 0.024414 0.033203
0 0.148926 0.124512 0.041992 0.041992
0 0.279785 0.129395 0.045898 0.049805
0 0.195312 0.120117 0.029297 0.027344
0 0.757812 0.158691 0.060547 0.096680
0 0.494141 0.135742 0.027344 0.025391
0 0.250000 0.139648 0.027344 0.027344
0 0.316895 0.148926 0.047852 0.045898
0 0.648438 0.145508 0.046875 0.033203
0 0.183594 0.152344 0.044922 0.037109
0 0.222168 0.146973 0.030273 0.028320
0 0.471191 0.155762 0.040039 0.034180
0 0.069824 0.163086 0.045898 0.044922
0 0.366699 0.159668 0.043945 0.038086
0 0.211426 0.176270 0.045898 0.034180
0 0.663574 0.179199 0.047852 0.036133
0 0.264160 0.171875 0.016602 0.015625
0 0.695801 0.179199 0.018555 0.016602
0 0.395508 0.195801 0.037109 0.040039
0 0.241699 0.199219 0.047852 0.039062
0 0.130859 0.211914 0.037109 0.041016
0 0.677246 0.215332 0.040039 0.038086
0 0.020996 0.218750 0.041992 0.041016
0 0.779785 0.213867 0.032227 0.031250
0 0.057129 0.213379 0.022461 0.022461
0 0.494141 0.219727 0.029297 0.037109
0 0.271973 0.225586 0.036133 0.044922
0 0.100586 0.222656 0.021484 0.021484
0 0.348633 0.226562 0.019531 0.019531
0 0.407227 0.234863 0.046875 0.036133
0 0.089355 0.240723 0.026367 0.026367
0 0.294434 0.249023 0.040039 0.044922
0 0.521484 0.234863 0.019531 0.016602
0 0.048340 0.247559 0.045898 0.038086
0 0.789551 0.244141 0.030273 0.027344
0 0.334961 0.243652 0.019531 0.018555
0 0.183594 0.260742 0.048828 0.044922
0 0.504883 0.255371 0.041016 0.032227
0 0.758301 0.247559 0.018555 0.016602
0 0.372070 0.248047 0.013672 0.013672
0 0.422852 0.263184 0.037109 0.038086
0 0.331543 0.270020 0.036133 0.041992
0 0.075684 0.271484 0.045898 0.041016
0 0.804688 0.282715 0.054688 0.061523
0 0.384277 0.261719 0.012695 0.013672
0 0.364258 0.266113 0.017578 0.018555
0 0.229980 0.294922 0.063477 0.064453
0 0.536133 0.272461 0.023438 0.021484
0 0.349121 0.296875 0.040039 0.039062
0 0.106445 0.300293 0.042969 0.040039
0 0.516113 0.293457 0.034180 0.026367
0 0.419922 0.309570 0.046875 0.046875
0 0.380859 0.303223 0.019531 0.018555
0 0.712891 0.317383 0.048828 0.042969
0 0.164551 0.305664 0.012695 0.011719
0 0.026367 0.331543 0.041016 0.045898
0 0.365723 0.318848 0.018555 0.020508
0 0.495117 0.342773 0.058594 0.068359
0 0.824707 0.324707 0.032227 0.030273
0 0.391602 0.334961 0.037109 0.042969
0 0.746582 0.333984 0.022461 0.021484
0 0.274414 0.343750 0.042969 0.035156
0 0.163574 0.349121 0.045898 0.034180
0 0.046875 0.364258 0.052734 0.060547
0 0.717773 0.353516 0.035156 0.035156
0 0.302734 0.362305 0.039062 0.037109
0 0.219727 0.353027 0.015625 0.014648
0 0.191895 0.371582 0.045898 0.036133
0 0.072754 0.393555 0.040039 0.070312
0 0.743652 0.381836 0.053711 0.041016
0 0.333496 0.386719 0.040039 0.041016
0 0.460449 0.388184 0.047852 0.040039
0 0.237793 0.412598 0.069336 0.063477
0 0.111328 0.408691 0.042969 0.043945
0 0.048828 0.397949 0.015625 0.014648
0 0.308594 0.419434 0.054688 0.045898
0 0.433105 0.422852 0.041992 0.050781
0 0.744141 0.417480 0.039062 0.040039
0 0.776855 0.415527 0.022461 0.018555
0 0.023926 0.449219 0.045898 0.070312
0 0.136230 0.432129 0.047852 0.036133
0 0.411133 0.448730 0.041016 0.051758
0 0.604492 0.453613 0.044922 0.057617
0 0.757812 0.451172 0.041016 0.039062
0 0.284180 0.454102 0.041016 0.033203
0 0.162109 0.470703 0.052734 0.042969
0 0.388184 0.470215 0.043945 0.034180
0 0.060059 0.492676 0.065430 0.075195
0 0.193848 0.483887 0.036133 0.041992
0 0.771484 0.485840 0.042969 0.032227
0 0.362793 0.497070 0.045898 0.039062
0 0.558594 0.505371 0.056641 0.055664
0 0.801270 0.485840 0.016602 0.014648
0 0.220703 0.513184 0.048828 0.051758
0 0.780273 0.515137 0.052734 0.038086
0 0.112793 0.534668 0.049805 0.057617
0 0.877441 0.528809 0.045898 0.036133
0 0.241211 0.536133 0.046875 0.042969
0 0.351562 0.540039 0.054688 0.046875
0 0.501953 0.548340 0.054688 0.065430
0 0.887207 0.555664 0.049805 0.035156
0 0.791992 0.556641 0.041016 0.031250
0 0.146484 0.564453 0.052734 0.042969
0 0.267090 0.562012 0.041992 0.038086
0 0.306152 0.569336 0.034180 0.035156
0 0.198242 0.586426 0.037109 0.043945
0 0.803223 0.587891 0.040039 0.041016
0 0.441406 0.609863 0.070312 0.065430
0 0.247559 0.600098 0.032227 0.030273
0 0.908203 0.609375 0.048828 0.041016
0 0.295898 0.597656 0.011719 0.013672
0 0.377441 0.648926 0.084961 0.104492
0 0.807617 0.624512 0.033203 0.041992
0 0.221680 0.632812 0.035156 0.039062
0 0.028809 0.644043 0.057617 0.049805
0 0.673828 0.655273 0.068359 0.060547
0 0.076172 0.665527 0.062500 0.059570
0 0.823730 0.664062 0.032227 0.042969
0 0.916992 0.670898 0.058594 0.042969
0 0.613281 0.687988 0.046875 0.067383
0 0.120605 0.700195 0.049805 0.070312
0 0.868164 0.685059 0.021484 0.024414
0 0.331055 0.686035 0.021484 0.020508
0 0.928223 0.697266 0.065430 0.042969
0 0.841309 0.705078 0.038086 0.041016
0 0.350098 0.731934 0.057617 0.051758
0 0.938965 0.726074 0.061523 0.040039
0 0.570801 0.742676 0.063477 0.047852
0 0.946777 0.752930 0.063477 0.039062
0 0.892090 0.758301 0.022461 0.018555
0 0.521484 0.782715 0.058594 0.055664
0 0.878418 0.795898 0.053711 0.078125
0 0.957520 0.782227 0.061523 0.042969
0 0.097656 0.804688 0.058594 0.048828
0 0.145996 0.792480 0.024414 0.022461
0 0.651367 0.799805 0.062500 0.029297
0 0.966309 0.808594 0.063477 0.039062
0 0.025391 0.824219 0.050781 0.058594
0 0.488281 0.807129 0.019531 0.016602
0 0.743164 0.830566 0.058594 0.057617
0 0.973145 0.838867 0.053711 0.042969
0 0.565430 0.835449 0.027344 0.026367
0 0.448242 0.862305 0.064453 0.060547
0 0.976562 0.865234 0.046875 0.035156
0 0.712891 0.872559 0.041016 0.040039
0 0.145508 0.875488 0.033203 0.034180
0 0.586426 0.891113 0.092773 0.061523
0 0.902832 0.893555 0.034180 0.035156
0 0.983398 0.895996 0.033203 0.034180
0 0.479980 0.905273 0.047852 0.044922
0 0.766602 0.931641 0.066406 0.085938
0 0.192871 0.928711 0.053711 0.062500
0 0.520020 0.925293 0.036133 0.051758
0 0.392578 0.929199 0.052734 0.055664
0 0.986328 0.926270 0.027344 0.030273
0 0.147461 0.940430 0.033203 0.029297
0 0.940918 0.957031 0.047852 0.042969
0 0.654785 0.971191 0.065430 0.057617
0 0.993164 0.958984 0.013672 0.031250
0 0.348633 0.976562 0.041016 0.046875
0 0.574707 0.975586 0.040039 0.042969
0 0.777344 0.978516 0.046875 0.042969
0 0.139648 0.979980 0.054688 0.040039
0 0.468750 0.985840 0.042969 0.028320
0 0.942383 0.987305 0.033203 0.025391
0 0.828125 0.988770 0.023438 0.022461
0 0.428711 0.993164 0.021484 0.013672
0 0.601562 0.993164 0.035156 0.013672
0 0.330566 0.995117 0.022461 0.009766
1 0.705566 0.021484 0.051758 0.031250
1 0.466309 0.115723 0.045898 0.049805
1 0.638184 0.111816 0.049805 0.038086
1 0.098633 0.187988 0.044922 0.036133
1 0.155762 0.239258 0.045898 0.052734
1 0.689941 0.245117 0.043945 0.035156
1 0.134766 0.317871 0.039062 0.045898
1 0.821777 0.383789 0.098633 0.101562
1 0.869141 0.499023 0.046875 0.039062
1 0.907715 0.640625 0.065430 0.037109
1 0.855469 0.642578 0.017578 0.017578
1 0.695801 0.761719 0.053711 0.066406
1 0.133789 0.759277 0.054688 0.047852
1 0.893555 0.856445 0.041016 0.041016
1 0.208008 0.875000 0.058594 0.056641
1 0.921387 0.924805 0.041992 0.039062
2 0.433594 0.043945 0.042969 0.037109
2 0.709473 0.279297 0.049805 0.041016
2 0.858887 0.470703 0.049805 0.041016
2 0.896973 0.583008 0.049805 0.041016
2 0.855469 0.738281 0.042969 0.041016
2 0.433594 0.964355 0.042969 0.038086
3 0.677734 0.903809 0.068359 0.057617
