0 0.481445 0.011719 0.029297 0.023438
0 0.135742 0.011230 0.046875 0.016602
0 0.430664 0.011230 0.029297 0.014648
0 0.957031 0.028320 0.041016 0.031250
0 0.404297 0.037109 0.023438 0.021484
0 0.385254 0.069336 0.071289 0.056641
0 0.812012 0.084961 0.059570 0.064453
0 0.275879 0.092773 0.059570 0.066406
0 0.693359 0.085449 0.058594 0.043945
0 0.335938 0.121094 0.068359 0.070312
0 0.771973 0.133789 0.053711 0.062500
0 0.213867 0.152344 0.062500 0.068359
0 0.812012 0.131836 0.016602 0.019531
0 0.013672 0.148926 0.027344 0.036133
0 0.748535 0.187012 0.053711 0.047852
0 0.280273 0.200684 0.064453 0.053711
0 0.171875 0.195801 0.035156 0.034180
0 0.487305 0.225098 0.076172 0.063477
0 0.221680 0.216797 0.019531 0.019531
0 0.561523 0.239746 0.046875 0.061523
0 0.099121 0.277344 0.043945 0.046875
0 0.353516 0.313965 0.056641 0.057617
0 0.645020 0.312012 0.055664 0.053711
0 0.056152 0.330078 0.065430 0.082031
0 0.159668 0.322754 0.055664 0.038086
0 0.445312 0.330078 0.048828 0.046875
0 0.322754 0.338867 0.047852 0.039062
0 0.417969 0.365234 0.054688 0.046875
0 0.144531 0.384766 0.054688 0.072266
0 0.289551 0.375977 0.041992 0.044922
0 0.270508 0.422363 0.050781 0.049805
0 0.331055 0.470215 0.041016 0.061523
0 0.216309 0.536621 0.075195 0.081055
0 0.420898 0.522949 0.052734 0.040039
0 0.019043 0.556152 0.032227 0.049805
0 0.078613 0.558105 0.024414 0.024414
0 0.185059 0.608398 0.045898 0.074219
0 0.308594 0.627441 0.042969 0.040039
0 0.132324 0.657715 0.053711 0.053711
0 0.014160 0.667969 0.020508 0.037109
0 0.166992 0.690430 0.054688 0.050781
0 0.034668 0.698730 0.053711 0.065430
0 0.068359 0.734863 0.052734 0.057617
1 0.329590 0.017090 0.036133 0.030273
1 0.609863 0.017090 0.040039 0.020508
1 0.726074 0.030762 0.049805 0.047852
1 0.033203 0.049316 0.048828 0.075195
1 0.552734 0.069336 0.044922 0.041016
1 0.589844 0.111816 0.054688 0.067383
1 0.518066 0.133301 0.057617 0.067383
1 0.532715 0.207520 0.024414 0.024414
1 0.703125 0.223633 0.050781 0.046875
1 0.135254 0.239746 0.043945 0.051758
1 0.664551 0.256348 0.047852 0.051758
1 0.241699 0.258301 0.045898 0.045898
1 0.200195 0.298340 0.039062 0.057617
1 0.116699 0.332520 0.030273 0.040039
1 0.600098 0.346191 0.055664 0.041992
1 0.026367 0.422852 0.046875 0.050781
1 0.484375 0.460449 0.052734 0.059570
1 0.250488 0.479004 0.075195 0.063477
1 0.030762 0.477051 0.026367 0.032227
1 0.102051 0.629395 0.059570 0.045898
1 0.104004 0.765137 0.049805 0.051758
1 0.059082 0.827148 0.067383 0.058594
2 0.505371 0.030273 0.065430 0.044922
2 0.648438 0.042480 0.064453 0.059570
2 0.637695 0.141113 0.054688 0.069336
2 0.569824 0.166016 0.045898 0.046875
2 0.514160 0.286133 0.061523 0.046875
2 0.065918 0.592285 0.041992 0.040039
2 0.025879 0.792480 0.047852 0.047852
