0 0.141113 0.012695 0.036133 0.025391
0 0.450684 0.012207 0.034180 0.024414
0 0.642090 0.015625 0.032227 0.031250
0 0.813965 0.005859 0.024414 0.011719
0 0.898926 0.017578 0.038086 0.035156
0 0.673828 0.020508 0.039062 0.027344
0 0.701660 0.027832 0.040039 0.041992
0 0.798340 0.032227 0.032227 0.031250
0 0.440918 0.038086 0.032227 0.035156
0 0.987793 0.032227 0.024414 0.023438
0 0.370117 0.042480 0.046875 0.041992
0 0.041504 0.048340 0.047852 0.045898
0 0.525391 0.055176 0.039062 0.047852
0 0.979980 0.056152 0.028320 0.032227
0 0.220703 0.059570 0.041016 0.035156
0 0.785156 0.061035 0.037109 0.032227
0 0.122559 0.062988 0.038086 0.032227
0 0.554199 0.064941 0.034180 0.032227
0 0.027344 0.075195 0.048828 0.046875
0 0.424316 0.070312 0.034180 0.039062
0 0.870117 0.070801 0.037109 0.036133
0 0.588867 0.083984 0.041016 0.044922
0 0.963867 0.083008 0.029297 0.035156
0 0.770020 0.090820 0.036133 0.042969
0 0.096191 0.084961 0.061523 0.027344
0 0.192383 0.102051 0.039062 0.045898
0 0.621094 0.098633 0.042969 0.039062
0 0.494141 0.099121 0.046875 0.036133
0 0.858398 0.099609 0.037109 0.035156
0 0.331543 0.109863 0.036133 0.034180
0 0.952637 0.110840 0.038086 0.034180
0 0.532227 0.113770 0.035156 0.034180
0 0.648438 0.112305 0.033203 0.031250
0 0.742676 0.119141 0.038086 0.044922
0 0.094238 0.116211 0.030273 0.033203
0 0.243164 0.118652 0.039062 0.032227
0 0.841797 0.122559 0.033203 0.032227
0 0.559570 0.128418 0.041016 0.038086
0 0.682617 0.138672 0.050781 0.044922
0 0.385254 0.141113 0.051758 0.045898
0 0.172852 0.147949 0.048828 0.057617
0 0.080078 0.137207 0.042969 0.032227
0 0.319336 0.144043 0.039062 0.036133
0 0.231934 0.147461 0.034180 0.039062
0 0.595703 0.144531 0.037109 0.033203
0 0.828613 0.147461 0.038086 0.031250
0 0.628906 0.163086 0.035156 0.041016
0 0.932617 0.167969 0.041016 0.039062
0 0.068359 0.169434 0.042969 0.034180
0 0.211914 0.179688 0.035156 0.041016
0 0.297852 0.177734 0.029297 0.039062
0 0.456055 0.179199 0.039062 0.030273
0 0.152344 0.191895 0.044922 0.043945
0 0.693848 0.189453 0.038086 0.039062
0 0.911133 0.191895 0.037109 0.034180
0 0.955078 0.185547 0.021484 0.021484
0 0.054688 0.196289 0.039062 0.041016
0 0.485352 0.196777 0.037109 0.032227
0 0.978027 0.205566 0.043945 0.047852
0 0.809570 0.204102 0.039062 0.035156
0 0.724121 0.213379 0.040039 0.045898
0 0.895996 0.215332 0.040039 0.028320
0 0.044922 0.228027 0.035156 0.036133
0 0.123535 0.235840 0.036133 0.043945
0 0.797852 0.231445 0.031250 0.033203
0 0.332031 0.236328 0.037109 0.037109
0 0.550781 0.235352 0.033203 0.035156
0 0.187988 0.243652 0.032227 0.040039
0 0.769043 0.248535 0.057617 0.049805
0 0.269043 0.243164 0.034180 0.037109
0 0.888184 0.246582 0.045898 0.038086
0 0.584961 0.244141 0.037109 0.031250
0 0.029785 0.263184 0.036133 0.043945
0 0.618164 0.258789 0.039062 0.031250
0 0.530762 0.279785 0.032227 0.030273
0 0.680664 0.291016 0.042969 0.033203
0 0.561523 0.289062 0.035156 0.027344
0 0.309082 0.302734 0.034180 0.039062
0 0.243164 0.304199 0.039062 0.034180
0 0.920898 0.311523 0.035156 0.039062
0 0.153320 0.311523 0.035156 0.035156
0 0.399902 0.318359 0.034180 0.029297
0 0.598145 0.323242 0.043945 0.041016
0 0.943848 0.323730 0.034180 0.036133
0 0.014160 0.323730 0.028320 0.032227
0 0.289062 0.334473 0.037109 0.038086
0 0.085449 0.339355 0.045898 0.045898
0 0.137695 0.339844 0.042969 0.042969
0 0.231445 0.338379 0.050781 0.038086
0 0.447266 0.342773 0.070312 0.046875
0 0.971191 0.339844 0.036133 0.031250
0 0.844238 0.357422 0.057617 0.039062
0 0.614746 0.361816 0.038086 0.041992
0 0.206543 0.370117 0.030273 0.035156
0 0.489258 0.371094 0.031250 0.033203
0 0.820312 0.375000 0.044922 0.033203
0 0.524902 0.382812 0.041992 0.039062
0 0.406250 0.383789 0.041016 0.029297
0 0.261230 0.394043 0.032227 0.028320
0 0.439453 0.395996 0.037109 0.032227
0 0.608887 0.401367 0.038086 0.035156
0 0.191406 0.403320 0.029297 0.033203
0 0.907227 0.406250 0.042969 0.037109
0 0.469727 0.415527 0.041016 0.040039
0 0.696289 0.415527 0.033203 0.034180
0 0.943359 0.419922 0.031250 0.029297
0 0.248535 0.429199 0.045898 0.041992
0 0.514160 0.420898 0.026367 0.025391
0 0.037598 0.431641 0.030273 0.037109
0 0.798828 0.436035 0.048828 0.045898
0 0.974609 0.437988 0.031250 0.041992
0 0.186523 0.437500 0.052734 0.039062
0 0.681641 0.439453 0.035156 0.041016
0 0.096191 0.439453 0.032227 0.037109
0 0.336426 0.447754 0.028320 0.036133
0 0.993652 0.447754 0.012695 0.032227
0 0.780762 0.458008 0.041992 0.039062
0 0.225098 0.460938 0.038086 0.035156
0 0.585938 0.469727 0.029297 0.033203
0 0.669922 0.470215 0.035156 0.032227
0 0.080566 0.473633 0.032227 0.035156
0 0.373047 0.479980 0.035156 0.030273
0 0.984863 0.485352 0.030273 0.037109
0 0.408203 0.486328 0.037109 0.031250
0 0.842773 0.494629 0.056641 0.043945
0 0.212891 0.499023 0.041016 0.041016
0 0.145996 0.499512 0.030273 0.036133
0 0.554688 0.502441 0.035156 0.041992
0 0.314941 0.508789 0.049805 0.042969
0 0.062500 0.508301 0.031250 0.036133
0 0.371094 0.525879 0.074219 0.065430
0 0.472168 0.519043 0.047852 0.043945
0 0.037598 0.507812 0.020508 0.019531
0 0.873535 0.520996 0.038086 0.041992
0 0.641602 0.521484 0.039062 0.037109
0 0.162598 0.517090 0.020508 0.020508
0 0.977539 0.521484 0.035156 0.029297
0 0.135742 0.533203 0.035156 0.039062
0 0.202637 0.530762 0.047852 0.034180
0 0.734375 0.533203 0.033203 0.029297
0 0.945312 0.541504 0.054688 0.034180
0 0.417480 0.554688 0.034180 0.035156
0 0.182129 0.560059 0.026367 0.032227
0 0.117676 0.579590 0.059570 0.067383
0 0.723145 0.559082 0.028320 0.028320
0 0.770508 0.557617 0.017578 0.021484
0 0.033203 0.570312 0.037109 0.037109
0 0.489746 0.575684 0.030273 0.040039
0 0.451172 0.578613 0.044922 0.040039
0 0.780762 0.583984 0.049805 0.041016
0 0.284668 0.585449 0.045898 0.034180
0 0.708984 0.605469 0.060547 0.062500
0 0.176270 0.599609 0.040039 0.042969
0 0.585938 0.600586 0.068359 0.039062
0 0.319336 0.610840 0.037109 0.030273
0 0.267578 0.618164 0.033203 0.039062
0 0.883789 0.625000 0.037109 0.033203
0 0.085938 0.627930 0.029297 0.035156
0 0.009766 0.630371 0.019531 0.038086
0 0.350586 0.627441 0.039062 0.030273
0 0.162598 0.637695 0.034180 0.039062
0 0.388184 0.641113 0.036133 0.041992
0 0.683594 0.644531 0.037109 0.041016
0 0.909668 0.645020 0.032227 0.040039
0 0.255859 0.656738 0.029297 0.038086
0 0.076172 0.660645 0.041016 0.038086
0 0.485840 0.661621 0.036133 0.034180
0 0.986328 0.666016 0.027344 0.033203
0 0.676270 0.668945 0.041992 0.031250
0 0.121582 0.678711 0.034180 0.029297
0 0.060547 0.689453 0.042969 0.041016
0 0.163574 0.687012 0.041992 0.034180
0 0.768555 0.687988 0.035156 0.030273
0 0.879395 0.702148 0.043945 0.060547
0 0.296387 0.687012 0.036133 0.026367
0 0.334961 0.693359 0.025391 0.037109
0 0.978027 0.693848 0.032227 0.026367
0 0.458496 0.725586 0.036133 0.035156
0 0.034180 0.744141 0.033203 0.025391
0 0.935059 0.748535 0.028320 0.032227
0 0.428711 0.754395 0.039062 0.040039
0 0.518555 0.760254 0.037109 0.036133
0 0.776855 0.765137 0.040039 0.032227
0 0.119629 0.770020 0.034180 0.036133
0 0.156250 0.769043 0.033203 0.030273
0 0.830566 0.773926 0.049805 0.038086
0 0.990234 0.768555 0.019531 0.025391
0 0.252441 0.774414 0.030273 0.029297
0 0.321777 0.780273 0.032227 0.037109
0 0.021973 0.777832 0.032227 0.028320
0 0.082031 0.777344 0.037109 0.027344
0 0.287109 0.779785 0.035156 0.024414
0 0.395508 0.782227 0.039062 0.029297
0 0.648926 0.874023 0.206055 0.203125
0 0.359375 0.794434 0.037109 0.032227
0 0.009766 0.807129 0.019531 0.022461
0 0.988281 0.850586 0.023438 0.039062
0 0.958008 0.842285 0.021484 0.020508
0 0.456055 0.857910 0.048828 0.045898
0 0.276367 0.918457 0.060547 0.163086
0 0.425293 0.895508 0.057617 0.066406
0 0.339355 0.911133 0.053711 0.054688
0 0.411621 0.977051 0.043945 0.043945
0 0.080078 0.982910 0.146484 0.034180
0 0.503906 0.983887 0.066406 0.032227
1 0.051758 0.019531 0.050781 0.039062
1 0.294922 0.017578 0.031250 0.035156
1 0.882324 0.047363 0.038086 0.030273
1 0.260254 0.074219 0.043945 0.042969
1 0.819824 0.179199 0.040039 0.038086
1 0.350586 0.208984 0.039062 0.039062
1 0.282227 0.210938 0.031250 0.039062
1 0.494141 0.264648 0.037109 0.031250
1 0.322266 0.270020 0.037109 0.040039
1 0.873047 0.270996 0.042969 0.038086
1 0.649902 0.279785 0.045898 0.036133
1 0.103516 0.290039 0.033203 0.037109
1 0.856934 0.295410 0.036133 0.034180
1 0.990234 0.352539 0.019531 0.029297
1 0.272949 0.366699 0.034180 0.034180
1 0.375488 0.374023 0.036133 0.042969
1 0.060547 0.389648 0.037109 0.048828
1 0.707031 0.388672 0.035156 0.035156
1 0.881836 0.388184 0.035156 0.028320
1 0.110352 0.406738 0.031250 0.034180
1 0.166504 0.465820 0.038086 0.029297
1 0.020508 0.487305 0.041016 0.048828
1 0.769531 0.481445 0.042969 0.037109
1 0.659668 0.500000 0.030273 0.029297
1 0.627441 0.546875 0.038086 0.037109
1 0.017578 0.600586 0.035156 0.037109
1 0.834961 0.601562 0.048828 0.037109
1 0.824219 0.662109 0.046875 0.048828
1 0.743652 0.676270 0.036133 0.043945
1 0.377930 0.677246 0.042969 0.038086
1 0.958008 0.763184 0.029297 0.030273
1 0.504883 0.783691 0.041016 0.040039
1 0.493164 0.815430 0.039062 0.033203
1 0.900879 0.869141 0.022461 0.039062
1 0.907227 0.950684 0.185547 0.096680
2 0.203613 0.213379 0.032227 0.038086
2 0.254395 0.274414 0.034180 0.037109
2 0.807129 0.408691 0.047852 0.040039
2 0.326660 0.479492 0.047852 0.042969
2 0.253418 0.693359 0.028320 0.033203
