0 0.375488 0.013184 0.045898 0.024414
0 0.258301 0.026367 0.041992 0.039062
0 0.493652 0.014160 0.038086 0.014648
0 0.544434 0.018066 0.055664 0.022461
0 0.810547 0.025391 0.035156 0.037109
0 0.713867 0.037598 0.052734 0.059570
0 0.286133 0.031250 0.039062 0.039062
0 0.466309 0.031250 0.024414 0.023438
0 0.832031 0.045898 0.037109 0.046875
0 0.168457 0.043945 0.041992 0.035156
0 0.541992 0.043457 0.025391 0.024414
0 0.328613 0.057129 0.061523 0.047852
0 0.854004 0.050781 0.020508 0.023438
0 0.053223 0.057617 0.047852 0.033203
0 0.684082 0.066406 0.043945 0.037109
0 0.300293 0.058594 0.020508 0.019531
0 0.154297 0.072266 0.039062 0.037109
0 0.976074 0.090332 0.047852 0.055664
0 0.320312 0.088867 0.035156 0.044922
0 0.044434 0.086426 0.034180 0.034180
0 0.859375 0.092285 0.044922 0.043945
0 0.147461 0.107910 0.060547 0.051758
0 0.625977 0.105469 0.037109 0.035156
0 0.028320 0.110840 0.033203 0.034180
0 0.418457 0.117676 0.041992 0.036133
0 0.720703 0.123047 0.062500 0.046875
0 0.120605 0.126465 0.038086 0.036133
0 0.823730 0.137695 0.055664 0.052734
0 0.265137 0.129883 0.026367 0.025391
0 0.690918 0.161621 0.047852 0.063477
0 0.286621 0.147949 0.036133 0.034180
0 0.399902 0.147949 0.030273 0.034180
0 0.938965 0.151367 0.036133 0.033203
0 0.183105 0.177246 0.041992 0.055664
0 0.484863 0.172363 0.051758 0.047852
0 0.922852 0.167969 0.037109 0.033203
0 0.371582 0.172363 0.038086 0.032227
0 0.978516 0.180664 0.031250 0.029297
0 0.236816 0.199707 0.053711 0.045898
0 0.669922 0.207031 0.044922 0.048828
0 0.073242 0.215332 0.046875 0.041992
0 0.893066 0.240723 0.040039 0.049805
0 0.434570 0.243164 0.046875 0.041016
0 0.979004 0.244141 0.041992 0.041016
0 0.207031 0.255371 0.039062 0.038086
0 0.313965 0.257812 0.038086 0.033203
0 0.947754 0.276367 0.041992 0.042969
0 0.455078 0.277344 0.041016 0.041016
0 0.296875 0.277832 0.033203 0.034180
0 0.034180 0.276367 0.037109 0.029297
0 0.334473 0.278809 0.020508 0.020508
0 0.178223 0.289551 0.043945 0.032227
0 0.030762 0.305176 0.045898 0.045898
0 0.358887 0.306641 0.081055 0.050781
0 0.977051 0.303223 0.045898 0.043945
0 0.928711 0.326660 0.070312 0.049805
0 0.258789 0.333984 0.042969 0.042969
0 0.020508 0.340332 0.027344 0.045898
0 0.547363 0.343750 0.071289 0.054688
0 0.419434 0.340332 0.032227 0.038086
0 0.100586 0.341797 0.021484 0.021484
0 0.871582 0.369629 0.069336 0.065430
0 0.053711 0.354492 0.017578 0.019531
0 0.125488 0.371094 0.043945 0.042969
0 0.055176 0.374512 0.036133 0.036133
0 0.462891 0.376465 0.039062 0.041992
0 0.332520 0.384277 0.040039 0.040039
0 0.943359 0.390137 0.042969 0.038086
0 0.016602 0.383301 0.017578 0.018555
0 0.830078 0.401367 0.050781 0.041016
0 0.235840 0.409180 0.045898 0.035156
0 0.513184 0.413086 0.034180 0.039062
0 0.867188 0.409180 0.023438 0.019531
0 0.083496 0.423340 0.049805 0.045898
0 0.192383 0.425293 0.044922 0.032227
0 0.536621 0.428223 0.043945 0.040039
0 0.277832 0.438965 0.069336 0.049805
0 0.171875 0.443848 0.041016 0.038086
0 0.798828 0.449707 0.056641 0.051758
0 0.560059 0.447754 0.040039 0.040039
0 0.383789 0.453613 0.037109 0.045898
0 0.590332 0.450195 0.034180 0.033203
0 0.607910 0.470703 0.040039 0.037109
0 0.154297 0.477539 0.042969 0.037109
0 0.045410 0.484863 0.038086 0.038086
0 0.770996 0.494629 0.051758 0.049805
0 0.586426 0.494629 0.051758 0.038086
0 0.196289 0.500000 0.044922 0.037109
0 0.695801 0.510254 0.053711 0.051758
0 0.025879 0.511230 0.038086 0.038086
0 0.231934 0.524414 0.049805 0.044922
0 0.521484 0.516602 0.025391 0.029297
0 0.116211 0.527344 0.037109 0.031250
0 0.937500 0.529297 0.033203 0.033203
0 0.525879 0.554199 0.041992 0.040039
0 0.668457 0.556641 0.055664 0.044922
0 0.460449 0.568848 0.059570 0.061523
0 0.084473 0.567383 0.038086 0.031250
0 0.993652 0.566406 0.012695 0.027344
0 0.164062 0.568359 0.031250 0.027344
0 0.983887 0.587402 0.032227 0.036133
0 0.187988 0.595703 0.038086 0.037109
0 0.695312 0.626953 0.056641 0.089844
0 0.959473 0.610352 0.047852 0.037109
0 0.050293 0.620605 0.038086 0.036133
0 0.172363 0.623535 0.030273 0.028320
0 0.471191 0.640625 0.051758 0.056641
0 0.768066 0.639160 0.041992 0.049805
0 0.949707 0.639648 0.038086 0.039062
0 0.104492 0.650879 0.035156 0.032227
0 0.369629 0.655762 0.036133 0.034180
0 0.727539 0.665527 0.039062 0.043945
0 0.924316 0.666504 0.055664 0.043945
0 0.131348 0.668457 0.034180 0.040039
0 0.426758 0.675293 0.048828 0.051758
0 0.820801 0.674805 0.038086 0.044922
0 0.026367 0.676758 0.039062 0.035156
0 0.563477 0.674805 0.037109 0.033203
0 0.259277 0.688965 0.041992 0.043945
0 0.603027 0.697754 0.069336 0.063477
0 0.763184 0.696289 0.053711 0.046875
0 0.172852 0.693848 0.037109 0.034180
0 0.899902 0.699707 0.036133 0.034180
0 0.018555 0.705566 0.023438 0.034180
0 0.552734 0.717773 0.050781 0.046875
0 0.806152 0.723633 0.057617 0.042969
0 0.234863 0.729004 0.041992 0.041992
0 0.991211 0.721680 0.017578 0.029297
0 0.413086 0.730957 0.037109 0.038086
0 0.092773 0.733398 0.027344 0.027344
0 0.522461 0.741211 0.037109 0.039062
0 0.604004 0.735352 0.028320 0.025391
0 0.881348 0.737793 0.036133 0.030273
0 0.338867 0.750977 0.035156 0.031250
0 0.976562 0.751465 0.033203 0.028320
0 0.209961 0.764160 0.046875 0.045898
0 0.382812 0.763672 0.044922 0.041016
0 0.658691 0.764160 0.040039 0.040039
0 0.030762 0.785156 0.047852 0.062500
0 0.960938 0.781250 0.041016 0.048828
0 0.853027 0.779785 0.040039 0.032227
0 0.497070 0.789551 0.037109 0.038086
0 0.053711 0.795410 0.041016 0.045898
0 0.101074 0.793945 0.040039 0.042969
0 0.697266 0.797363 0.046875 0.045898
0 0.946777 0.812988 0.045898 0.049805
0 0.348145 0.815918 0.043945 0.043945
0 0.486328 0.830078 0.074219 0.054688
0 0.729980 0.828125 0.061523 0.042969
0 0.075195 0.828125 0.041016 0.039062
0 0.160645 0.831543 0.040039 0.041992
0 0.916016 0.837891 0.029297 0.035156
0 0.134277 0.866699 0.036133 0.040039
0 0.899414 0.866699 0.027344 0.034180
0 0.774902 0.881836 0.045898 0.041016
0 0.524414 0.918457 0.080078 0.090820
0 0.923828 0.891602 0.031250 0.027344
0 0.744629 0.916992 0.045898 0.052734
0 0.421387 0.923340 0.081055 0.059570
0 0.269531 0.927246 0.046875 0.051758
0 0.860352 0.934570 0.064453 0.052734
0 0.024414 0.948242 0.035156 0.060547
0 0.401855 0.944336 0.053711 0.037109
0 0.572266 0.969727 0.101562 0.060547
0 0.044434 0.967773 0.038086 0.044922
0 0.386230 0.974121 0.081055 0.051758
0 0.829102 0.963867 0.031250 0.029297
0 0.469727 0.977539 0.068359 0.044922
0 0.671387 0.985352 0.026367 0.025391
0 0.815918 0.987305 0.045898 0.025391
0 0.852539 0.990234 0.023438 0.019531
0 0.337402 0.991211 0.040039 0.017578
0 0.118164 0.992188 0.033203 0.015625
1 0.088379 0.181641 0.040039 0.037109
1 0.218750 0.224121 0.039062 0.036133
1 0.486328 0.299316 0.046875 0.041992
1 0.439941 0.356445 0.036133 0.033203
1 0.485840 0.394531 0.040039 0.039062
1 0.106934 0.400391 0.034180 0.029297
1 0.101562 0.546387 0.041016 0.038086
1 0.066406 0.592285 0.037109 0.032227
1 0.635254 0.630859 0.069336 0.060547
1 0.058594 0.716797 0.041016 0.029297
1 0.124023 0.761230 0.041016 0.043945
1 0.203613 0.858887 0.045898 0.043945
1 0.713867 0.966797 0.046875 0.035156
1 0.932129 0.977051 0.049805 0.045898
2 0.143555 0.244629 0.041016 0.032227
2 0.281738 0.305664 0.045898 0.039062
2 0.101562 0.313965 0.029297 0.028320
2 0.132812 0.331543 0.035156 0.030273
2 0.306641 0.360840 0.044922 0.049805
2 0.150391 0.723633 0.033203 0.035156
2 0.182617 0.798828 0.041016 0.042969
