0 0.226074 0.010254 0.036133 0.020508
0 0.521484 0.010742 0.039062 0.021484
0 0.923340 0.026855 0.059570 0.053711
0 0.075684 0.015625 0.034180 0.017578
0 0.399902 0.032227 0.094727 0.050781
0 0.808594 0.022461 0.035156 0.031250
0 0.675781 0.019043 0.037109 0.022461
0 0.102539 0.025391 0.035156 0.031250
0 0.283203 0.034668 0.035156 0.032227
0 0.131836 0.038086 0.039062 0.033203
0 0.696777 0.038574 0.034180 0.030273
0 0.840332 0.042480 0.036133 0.034180
0 0.458496 0.054688 0.036133 0.037109
0 0.160156 0.054688 0.037109 0.035156
0 0.612793 0.055664 0.038086 0.037109
0 0.345215 0.062500 0.043945 0.041016
0 0.725098 0.062988 0.034180 0.038086
0 0.044922 0.066895 0.035156 0.034180
0 0.189453 0.068359 0.037109 0.031250
0 0.486328 0.071777 0.037109 0.036133
0 0.641113 0.074219 0.038086 0.037109
0 0.755371 0.081055 0.040039 0.044922
0 0.073242 0.081543 0.039062 0.038086
0 0.371582 0.081055 0.038086 0.037109
0 0.983887 0.085449 0.032227 0.036133
0 0.218262 0.083008 0.036133 0.029297
0 0.518555 0.089844 0.035156 0.035156
0 0.669922 0.092285 0.041016 0.038086
0 0.783691 0.093750 0.041992 0.039062
0 0.100586 0.096191 0.035156 0.034180
0 0.399902 0.096191 0.036133 0.036133
0 0.550293 0.107422 0.038086 0.037109
0 0.128418 0.112305 0.038086 0.037109
0 0.429199 0.110840 0.038086 0.034180
0 0.959473 0.111816 0.028320 0.028320
0 0.275391 0.117676 0.037109 0.034180
0 0.158203 0.126953 0.037109 0.037109
0 0.456055 0.127930 0.035156 0.035156
0 0.022949 0.133301 0.032227 0.034180
0 0.300293 0.133301 0.043945 0.036133
0 0.723145 0.136719 0.034180 0.031250
0 0.832031 0.136719 0.033203 0.031250
0 0.187500 0.142578 0.041016 0.035156
0 0.943359 0.139648 0.035156 0.029297
0 0.486328 0.146484 0.039062 0.039062
0 0.857422 0.154785 0.035156 0.034180
0 0.986328 0.145020 0.013672 0.012695
0 0.074219 0.162109 0.035156 0.033203
0 0.358887 0.172852 0.041992 0.054688
0 0.012207 0.164551 0.022461 0.034180
0 0.514160 0.165527 0.036133 0.032227
0 0.984375 0.171875 0.031250 0.044922
0 0.544922 0.180176 0.037109 0.036133
0 0.883301 0.177246 0.032227 0.030273
0 0.780762 0.182129 0.041992 0.036133
0 0.057617 0.188477 0.037109 0.039062
0 0.272949 0.190430 0.036133 0.039062
0 0.673340 0.186523 0.026367 0.027344
0 0.901855 0.202148 0.053711 0.044922
0 0.133789 0.196289 0.035156 0.027344
0 0.571777 0.200195 0.032227 0.031250
0 0.803711 0.200684 0.033203 0.032227
0 0.301270 0.207031 0.036133 0.037109
0 0.695312 0.208984 0.035156 0.031250
0 0.175293 0.225586 0.063477 0.050781
0 0.451660 0.216797 0.034180 0.035156
0 0.831543 0.221680 0.040039 0.042969
0 0.041504 0.218750 0.034180 0.033203
0 0.331055 0.222656 0.035156 0.037109
0 0.598633 0.221191 0.037109 0.028320
0 0.724121 0.228027 0.034180 0.032227
0 0.946777 0.228516 0.036133 0.035156
0 0.358887 0.238770 0.036133 0.038086
0 0.107422 0.249512 0.039062 0.043945
0 0.025391 0.248535 0.037109 0.036133
0 0.214844 0.249023 0.035156 0.037109
0 0.929199 0.251465 0.034180 0.036133
0 0.655762 0.255859 0.038086 0.033203
0 0.747070 0.256836 0.042969 0.037109
0 0.500977 0.261230 0.054688 0.038086
0 0.840332 0.259277 0.022461 0.030273
0 0.245117 0.268555 0.037109 0.039062
0 0.131348 0.271484 0.036133 0.037109
0 0.164062 0.283691 0.044922 0.041992
0 0.681641 0.278320 0.035156 0.031250
0 0.911133 0.280273 0.033203 0.035156
0 0.301758 0.297363 0.035156 0.036133
0 0.986816 0.301270 0.026367 0.034180
0 0.187012 0.303223 0.038086 0.034180
0 0.451660 0.297363 0.024414 0.024414
0 0.890137 0.306641 0.034180 0.037109
0 0.702148 0.306152 0.035156 0.032227
0 0.474121 0.309570 0.034180 0.037109
0 0.790039 0.309082 0.033203 0.034180
0 0.218262 0.320312 0.041992 0.033203
0 0.598145 0.320312 0.034180 0.031250
0 0.862793 0.327637 0.040039 0.040039
0 0.969238 0.328125 0.041992 0.042969
0 0.064941 0.325195 0.034180 0.029297
0 0.361328 0.333984 0.039062 0.042969
0 0.502930 0.330566 0.035156 0.030273
0 0.770020 0.335938 0.034180 0.035156
0 0.239258 0.338379 0.027344 0.028320
0 0.620117 0.344727 0.048828 0.039062
0 0.849121 0.356445 0.032227 0.046875
0 0.947266 0.350586 0.039062 0.035156
0 0.532227 0.349121 0.035156 0.030273
0 0.750977 0.363770 0.035156 0.038086
0 0.305664 0.369141 0.037109 0.037109
0 0.557617 0.368652 0.033203 0.036133
0 0.146973 0.372070 0.036133 0.035156
0 0.927246 0.380371 0.040039 0.040039
0 0.060547 0.389160 0.037109 0.051758
0 0.034668 0.383301 0.032227 0.030273
0 0.824219 0.387207 0.029297 0.032227
0 0.172852 0.391113 0.039062 0.036133
0 0.585938 0.392578 0.035156 0.031250
0 0.455566 0.395508 0.034180 0.029297
0 0.367188 0.403809 0.037109 0.038086
0 0.905762 0.403809 0.036133 0.036133
0 0.705078 0.412109 0.033203 0.033203
0 0.611816 0.412598 0.034180 0.032227
0 0.231934 0.422852 0.036133 0.037109
0 0.516602 0.431641 0.031250 0.033203
0 0.262207 0.438965 0.038086 0.034180
0 0.985840 0.442871 0.028320 0.032227
0 0.861816 0.453613 0.038086 0.034180
0 0.290039 0.455078 0.035156 0.035156
0 0.545898 0.455078 0.033203 0.031250
0 0.759277 0.457031 0.030273 0.033203
0 0.022461 0.465820 0.031250 0.033203
0 0.319824 0.472168 0.038086 0.034180
0 0.205078 0.477539 0.035156 0.037109
0 0.837891 0.477539 0.037109 0.037109
0 0.518066 0.477539 0.034180 0.031250
0 0.735840 0.481934 0.032227 0.034180
0 0.342285 0.490234 0.043945 0.039062
0 0.232910 0.492676 0.038086 0.036133
0 0.862305 0.488281 0.021484 0.021484
0 0.948242 0.492188 0.031250 0.031250
0 0.070312 0.497559 0.037109 0.036133
0 0.598145 0.495605 0.038086 0.032227
0 0.812988 0.505859 0.030273 0.029297
0 0.104004 0.509277 0.036133 0.026367
0 0.268066 0.513184 0.034180 0.032227
0 0.532715 0.523926 0.045898 0.041992
0 0.299316 0.530762 0.036133 0.036133
0 0.129883 0.532715 0.035156 0.028320
0 0.904297 0.538574 0.037109 0.034180
0 0.644043 0.541504 0.040039 0.036133
0 0.424316 0.546387 0.038086 0.041992
0 0.030273 0.546387 0.039062 0.036133
0 0.161621 0.541992 0.034180 0.029297
0 0.558105 0.544434 0.032227 0.030273
0 0.058594 0.562500 0.037109 0.035156
0 0.357910 0.566895 0.041992 0.040039
0 0.450195 0.566895 0.037109 0.038086
0 0.581055 0.566406 0.035156 0.033203
0 0.981445 0.572266 0.033203 0.031250
0 0.215820 0.578613 0.037109 0.034180
0 0.087891 0.579102 0.035156 0.033203
0 0.382324 0.591797 0.034180 0.033203
0 0.477539 0.591309 0.035156 0.028320
0 0.115723 0.593750 0.034180 0.031250
0 0.628906 0.605469 0.035156 0.044922
0 0.734375 0.608887 0.035156 0.043945
0 0.146484 0.607422 0.037109 0.037109
0 0.830078 0.602051 0.033203 0.028320
0 0.413574 0.614258 0.036133 0.039062
0 0.500977 0.610840 0.033203 0.030273
0 0.942871 0.616211 0.038086 0.039062
0 0.174805 0.625000 0.035156 0.035156
0 0.018555 0.628906 0.023438 0.027344
0 0.305176 0.636230 0.041992 0.041992
0 0.438965 0.633789 0.038086 0.037109
0 0.526855 0.630371 0.034180 0.030273
0 0.965332 0.637695 0.036133 0.035156
0 0.039062 0.640625 0.035156 0.033203
0 0.205078 0.642090 0.037109 0.036133
0 0.551758 0.656250 0.031250 0.033203
0 0.684082 0.655273 0.028320 0.029297
0 0.232910 0.661133 0.036133 0.033203
0 0.095703 0.673340 0.037109 0.036133
0 0.580566 0.671875 0.034180 0.035156
0 0.357910 0.674316 0.036133 0.034180
0 0.261230 0.678223 0.036133 0.038086
0 0.664551 0.676270 0.032227 0.034180
0 0.763184 0.698242 0.069336 0.070312
0 0.126953 0.690430 0.037109 0.037109
0 0.385254 0.699219 0.034180 0.037109
0 0.012695 0.699219 0.025391 0.035156
0 0.286621 0.699707 0.036133 0.032227
0 0.511230 0.698730 0.034180 0.030273
0 0.645508 0.703613 0.037109 0.036133
0 0.039062 0.713379 0.037109 0.038086
0 0.160156 0.709473 0.031250 0.032227
0 0.538574 0.723145 0.038086 0.038086
0 0.407227 0.723145 0.033203 0.028320
0 0.067383 0.729492 0.037109 0.035156
0 0.624512 0.727539 0.036133 0.033203
0 0.193359 0.731934 0.039062 0.038086
0 0.934570 0.766602 0.066406 0.089844
0 0.098633 0.744141 0.041016 0.037109
0 0.339355 0.743164 0.036133 0.033203
0 0.225586 0.751953 0.037109 0.039062
0 0.602539 0.755371 0.035156 0.032227
0 0.127930 0.763184 0.037109 0.036133
0 0.459473 0.763672 0.032227 0.029297
0 0.580566 0.780273 0.034180 0.035156
0 0.158203 0.781738 0.035156 0.036133
0 0.484375 0.782715 0.033203 0.034180
0 0.787598 0.794434 0.040039 0.036133
0 0.024414 0.797852 0.035156 0.041016
0 0.285645 0.793945 0.034180 0.029297
0 0.189453 0.801270 0.035156 0.036133
0 0.668457 0.818848 0.055664 0.067383
0 0.557617 0.804688 0.035156 0.035156
0 0.054688 0.808594 0.033203 0.029297
0 0.451172 0.814453 0.033203 0.031250
0 0.770020 0.809570 0.020508 0.019531
0 0.816406 0.814453 0.033203 0.031250
0 0.081055 0.831543 0.041016 0.041992
0 0.538574 0.829590 0.030273 0.032227
0 0.962402 0.833496 0.032227 0.030273
0 0.838379 0.837891 0.040039 0.033203
0 0.433105 0.843262 0.038086 0.034180
0 0.111816 0.846680 0.038086 0.037109
0 0.636230 0.851074 0.038086 0.036133
0 0.335449 0.854980 0.041992 0.038086
0 0.983887 0.854980 0.032227 0.032227
0 0.515625 0.858887 0.035156 0.036133
0 0.145996 0.872559 0.038086 0.038086
0 0.314453 0.875977 0.039062 0.037109
0 0.050781 0.881348 0.037109 0.040039
0 0.483398 0.901855 0.060547 0.075195
0 0.895020 0.881836 0.034180 0.035156
0 0.995605 0.873535 0.008789 0.018555
0 0.175293 0.893066 0.036133 0.038086
0 0.391602 0.895020 0.037109 0.036133
0 0.291016 0.899414 0.035156 0.033203
0 0.074219 0.900879 0.031250 0.030273
0 0.106934 0.915527 0.040039 0.036133
0 0.210449 0.918457 0.032227 0.032227
0 0.368164 0.920410 0.033203 0.034180
0 0.946289 0.923340 0.031250 0.032227
0 0.571777 0.927246 0.030273 0.038086
0 0.450195 0.932617 0.035156 0.037109
0 0.133301 0.939453 0.038086 0.039062
0 0.235352 0.938965 0.035156 0.032227
0 0.969727 0.948242 0.029297 0.031250
0 0.018066 0.955566 0.022461 0.040039
0 0.161621 0.959473 0.041992 0.038086
0 0.429199 0.960938 0.040039 0.039062
0 0.254883 0.970703 0.044922 0.050781
0 0.990234 0.966797 0.019531 0.029297
0 0.041016 0.978027 0.035156 0.041992
0 0.405762 0.983887 0.049805 0.032227
0 0.296875 0.984375 0.052734 0.031250
0 0.071777 0.989746 0.038086 0.020508
0 0.514648 0.990723 0.035156 0.018555
1 0.255371 0.022461 0.038086 0.031250
1 0.553223 0.021484 0.038086 0.029297
1 0.314941 0.049805 0.038086 0.039062
1 0.901367 0.077637 0.058594 0.047852
1 0.244629 0.102539 0.036133 0.037109
1 0.579590 0.126465 0.036133 0.036133
1 0.748535 0.154785 0.038086 0.049805
1 0.330566 0.148438 0.034180 0.035156
1 0.639648 0.164062 0.035156 0.031250
1 0.387695 0.189453 0.039062 0.054688
1 0.418457 0.196289 0.036133 0.035156
1 0.625488 0.235352 0.036133 0.048828
1 0.388184 0.254883 0.038086 0.035156
1 0.017090 0.278320 0.020508 0.035156
1 0.273438 0.279297 0.035156 0.035156
1 0.825684 0.290039 0.049805 0.042969
1 0.331055 0.309082 0.031250 0.026367
1 0.271973 0.351074 0.038086 0.034180
1 0.119141 0.354004 0.033203 0.028320
1 0.657227 0.359863 0.033203 0.036133
1 0.428711 0.373535 0.033203 0.038086
1 0.335938 0.386719 0.037109 0.037109
1 0.204102 0.406738 0.037109 0.038086
1 0.803223 0.409180 0.036133 0.037109
1 0.085938 0.413574 0.044922 0.038086
1 0.119141 0.430176 0.035156 0.038086
1 0.878906 0.427734 0.035156 0.029297
1 0.781250 0.433105 0.033203 0.034180
1 0.145996 0.444336 0.045898 0.039062
1 0.672363 0.464844 0.055664 0.050781
1 0.177734 0.461914 0.037109 0.035156
1 0.968750 0.468262 0.037109 0.028320
1 0.573242 0.477051 0.033203 0.030273
1 0.043945 0.484375 0.031250 0.037109
1 0.373047 0.506836 0.037109 0.037109
1 0.021973 0.513184 0.020508 0.020508
1 0.621094 0.517090 0.039062 0.030273
1 0.399902 0.527344 0.036133 0.037109
1 0.777344 0.557129 0.033203 0.032227
1 0.669434 0.563477 0.034180 0.035156
1 0.882812 0.562012 0.031250 0.030273
1 0.608398 0.584961 0.041016 0.037109
1 0.855957 0.586426 0.051758 0.036133
1 0.711426 0.628418 0.036133 0.034180
1 0.333008 0.654785 0.037109 0.038086
1 0.792480 0.661133 0.038086 0.037109
1 0.985352 0.661133 0.029297 0.035156
1 0.495605 0.674316 0.047852 0.036133
1 0.315918 0.719238 0.038086 0.038086
1 0.433594 0.744629 0.033203 0.036133
1 0.255371 0.774902 0.041992 0.036133
1 0.217773 0.824219 0.037109 0.039062
1 0.352051 0.825195 0.032227 0.033203
1 0.244141 0.842773 0.044922 0.041016
1 0.866699 0.860352 0.036133 0.037109
1 0.409180 0.866699 0.033203 0.034180
1 0.341309 0.940918 0.036133 0.034180
1 0.550293 0.948730 0.038086 0.040039
1 0.538574 0.979004 0.034180 0.034180
2 0.583496 0.036133 0.038086 0.039062
2 0.700195 0.112793 0.033203 0.032227
2 0.611328 0.151855 0.027344 0.028320
2 0.244141 0.177246 0.035156 0.032227
2 0.090332 0.342773 0.038086 0.033203
2 0.729492 0.389648 0.039062 0.041016
2 0.487305 0.411621 0.033203 0.030273
2 0.395020 0.417480 0.043945 0.034180
2 0.686523 0.441406 0.033203 0.031250
2 0.711426 0.508789 0.030273 0.027344
2 0.927734 0.516602 0.033203 0.031250
2 0.796875 0.539551 0.044922 0.045898
2 0.330078 0.549316 0.037109 0.036133
2 0.186035 0.560547 0.038086 0.037109
2 0.246094 0.595215 0.035156 0.036133
2 0.618652 0.878418 0.038086 0.038086
2 0.917480 0.904785 0.040039 0.038086
2 0.601074 0.905762 0.034180 0.036133
