0 0.341797 0.018066 0.031250 0.022461
0 0.735352 0.014160 0.039062 0.014648
0 0.910156 0.015137 0.044922 0.016602
0 0.252930 0.022949 0.048828 0.028320
0 0.650391 0.021484 0.033203 0.023438
0 0.820312 0.024902 0.041016 0.030273
0 0.989746 0.027832 0.020508 0.032227
0 0.561035 0.027832 0.030273 0.024414
0 0.731445 0.031738 0.037109 0.030273
0 0.906738 0.051270 0.041992 0.053711
0 0.335449 0.041016 0.032227 0.031250
0 0.651367 0.049316 0.044922 0.034180
0 0.063477 0.054688 0.033203 0.039062
0 0.815430 0.052246 0.039062 0.034180
0 0.726074 0.063477 0.036133 0.031250
0 0.462402 0.065918 0.043945 0.032227
0 0.550293 0.074707 0.036133 0.051758
0 0.239746 0.081055 0.034180 0.035156
0 0.984863 0.083984 0.030273 0.029297
0 0.714844 0.090332 0.048828 0.032227
0 0.149902 0.090332 0.036133 0.024414
0 0.092773 0.093262 0.021484 0.020508
0 0.050293 0.108398 0.034180 0.048828
0 0.117188 0.093750 0.021484 0.019531
0 0.312988 0.102539 0.045898 0.025391
0 0.632324 0.105469 0.049805 0.029297
0 0.835938 0.097168 0.017578 0.012695
0 0.108887 0.108398 0.020508 0.017578
0 0.980469 0.116699 0.039062 0.030273
0 0.714844 0.120117 0.039062 0.031250
0 0.677246 0.116699 0.016602 0.018555
0 0.789062 0.126953 0.033203 0.039062
0 0.312012 0.126465 0.034180 0.032227
0 0.824219 0.133789 0.033203 0.039062
0 0.458008 0.133301 0.052734 0.034180
0 0.892090 0.128906 0.028320 0.027344
0 0.264648 0.125977 0.013672 0.015625
0 0.225098 0.139160 0.038086 0.030273
0 0.525391 0.144043 0.046875 0.030273
0 0.976074 0.143066 0.045898 0.026367
0 0.128418 0.166992 0.049805 0.052734
0 0.884277 0.158203 0.030273 0.029297
0 0.046875 0.164551 0.037109 0.032227
0 0.520996 0.173340 0.047852 0.032227
0 0.960449 0.174316 0.028320 0.028320
0 0.994629 0.181152 0.010742 0.032227
0 0.438965 0.183594 0.038086 0.035156
0 0.701172 0.181641 0.041016 0.025391
0 0.302246 0.188965 0.026367 0.034180
0 0.604980 0.188477 0.032227 0.029297
0 0.032715 0.190918 0.036133 0.028320
0 0.785645 0.199707 0.032227 0.030273
0 0.220215 0.198730 0.043945 0.026367
0 0.127930 0.207520 0.027344 0.028320
0 0.427734 0.214844 0.039062 0.031250
0 0.693848 0.212402 0.032227 0.026367
0 0.598633 0.219238 0.033203 0.030273
0 0.032227 0.221191 0.031250 0.028320
0 0.776367 0.226562 0.039062 0.029297
0 0.511719 0.231445 0.031250 0.029297
0 0.956055 0.234375 0.029297 0.029297
0 0.691406 0.238281 0.029297 0.031250
0 0.112305 0.261230 0.025391 0.034180
0 0.279297 0.290039 0.035156 0.058594
0 0.591309 0.276367 0.040039 0.033203
0 0.862305 0.275879 0.029297 0.028320
0 0.193359 0.284180 0.031250 0.029297
0 0.500000 0.290039 0.035156 0.035156
0 0.833008 0.278320 0.015625 0.011719
0 0.947266 0.290039 0.041016 0.035156
0 0.068848 0.286621 0.016602 0.018555
0 0.802734 0.285645 0.017578 0.016602
0 0.679688 0.298340 0.031250 0.030273
0 0.101074 0.298828 0.038086 0.027344
0 0.412598 0.302246 0.036133 0.030273
0 0.588379 0.303711 0.034180 0.025391
0 0.848633 0.304688 0.027344 0.021484
0 0.018555 0.309570 0.023438 0.025391
0 0.193359 0.315918 0.033203 0.034180
0 0.492188 0.316895 0.035156 0.034180
0 0.756836 0.314941 0.035156 0.030273
0 0.445312 0.308594 0.013672 0.013672
0 0.949707 0.323242 0.055664 0.041016
0 0.671387 0.327148 0.036133 0.031250
0 0.456543 0.318359 0.008789 0.011719
0 0.575195 0.345703 0.039062 0.052734
0 0.259766 0.351074 0.029297 0.053711
0 0.750000 0.344727 0.037109 0.031250
0 0.180176 0.346680 0.028320 0.023438
0 0.665527 0.355469 0.036133 0.033203
0 0.092285 0.356934 0.030273 0.032227
0 0.427734 0.359863 0.029297 0.022461
0 0.835938 0.361328 0.046875 0.025391
0 0.017090 0.366211 0.020508 0.025391
0 0.395508 0.381348 0.027344 0.045898
0 0.745117 0.374023 0.037109 0.033203
0 0.068359 0.375488 0.029297 0.024414
0 0.482422 0.379395 0.031250 0.030273
0 0.930664 0.380371 0.031250 0.028320
0 0.658203 0.384277 0.037109 0.032227
0 0.168945 0.393066 0.041016 0.045898
0 0.830566 0.407227 0.043945 0.060547
0 0.449707 0.392090 0.018555 0.014648
0 0.570312 0.396973 0.029297 0.024414
0 0.742676 0.402344 0.040039 0.031250
0 0.916504 0.408203 0.036133 0.027344
0 0.226562 0.409668 0.029297 0.026367
0 0.648438 0.412598 0.039062 0.030273
0 0.410645 0.415527 0.026367 0.020508
0 0.961426 0.408691 0.014648 0.008789
0 0.555664 0.438477 0.041016 0.060547
0 0.776367 0.419434 0.013672 0.014648
0 0.735352 0.432129 0.037109 0.030273
0 0.645508 0.442871 0.039062 0.032227
0 0.384766 0.447266 0.050781 0.033203
0 0.914062 0.446289 0.023438 0.033203
0 0.071289 0.446777 0.041016 0.028320
0 0.818359 0.451660 0.037109 0.030273
0 0.727051 0.459961 0.038086 0.031250
0 0.460938 0.461426 0.039062 0.028320
0 0.022949 0.462891 0.024414 0.027344
0 0.159668 0.464844 0.040039 0.025391
0 0.068848 0.473633 0.030273 0.031250
0 0.562500 0.480469 0.054688 0.031250
0 0.241211 0.482422 0.039062 0.029297
0 0.993164 0.479004 0.013672 0.024414
0 0.722656 0.487793 0.033203 0.028320
0 0.151367 0.487305 0.027344 0.025391
0 0.902344 0.492676 0.042969 0.034180
0 0.758789 0.489746 0.013672 0.012695
0 0.058105 0.501465 0.028320 0.032227
0 0.986328 0.503906 0.027344 0.039062
0 0.633301 0.500488 0.038086 0.028320
0 0.367188 0.508301 0.044922 0.028320
0 0.236816 0.510742 0.036133 0.029297
0 0.755371 0.518066 0.010742 0.016602
0 0.890625 0.525879 0.033203 0.032227
0 0.449219 0.531250 0.044922 0.039062
0 0.059082 0.531738 0.030273 0.032227
0 0.975586 0.536621 0.048828 0.032227
0 0.229492 0.537598 0.037109 0.032227
0 0.369629 0.538086 0.057617 0.033203
0 0.539062 0.542480 0.048828 0.026367
0 0.141113 0.545410 0.041992 0.022461
0 0.873535 0.561035 0.034180 0.043945
0 0.045898 0.559570 0.042969 0.033203
0 0.360352 0.576660 0.068359 0.057617
0 0.613281 0.564453 0.048828 0.035156
0 0.169434 0.561523 0.018555 0.017578
0 0.222168 0.567871 0.038086 0.028320
0 0.527832 0.568848 0.036133 0.032227
0 0.701660 0.579102 0.038086 0.029297
0 0.041504 0.604492 0.040039 0.058594
0 0.219727 0.596680 0.031250 0.033203
0 0.522949 0.598145 0.032227 0.030273
0 0.616211 0.604004 0.039062 0.034180
0 0.435547 0.605469 0.031250 0.027344
0 0.694336 0.608887 0.037109 0.024414
0 0.154785 0.605957 0.024414 0.014648
0 0.867676 0.613770 0.034180 0.030273
0 0.953613 0.620605 0.034180 0.034180
0 0.342773 0.621094 0.042969 0.031250
0 0.214844 0.621582 0.031250 0.024414
0 0.779785 0.624512 0.041992 0.028320
0 0.121094 0.623535 0.027344 0.022461
0 0.608398 0.637695 0.029297 0.029297
0 0.697266 0.636719 0.041016 0.027344
0 0.868164 0.650391 0.033203 0.037109
0 0.935059 0.647461 0.045898 0.033203
0 0.777344 0.654297 0.033203 0.039062
0 0.203613 0.652832 0.026367 0.028320
0 0.411621 0.664551 0.049805 0.040039
0 0.606445 0.667969 0.023438 0.033203
0 0.683594 0.666504 0.039062 0.026367
0 0.112793 0.667480 0.032227 0.026367
0 0.918457 0.685547 0.045898 0.060547
0 0.852539 0.677246 0.031250 0.038086
0 0.026367 0.676758 0.031250 0.033203
0 0.741699 0.676758 0.028320 0.025391
0 0.199219 0.687500 0.029297 0.025391
0 0.504395 0.688965 0.030273 0.024414
0 0.108398 0.709473 0.041016 0.057617
0 0.413086 0.695801 0.039062 0.030273
0 0.774902 0.694336 0.034180 0.029297
0 0.677734 0.695801 0.037109 0.024414
0 0.327637 0.707031 0.043945 0.037109
0 0.021484 0.707031 0.029297 0.031250
0 0.986816 0.725098 0.026367 0.065430
0 0.190918 0.713867 0.043945 0.035156
0 0.503418 0.716309 0.040039 0.034180
0 0.745117 0.708496 0.013672 0.014648
0 0.897949 0.736816 0.041992 0.055664
0 0.399902 0.729004 0.036133 0.026367
0 0.837891 0.728516 0.023438 0.025391
0 0.018066 0.746582 0.022461 0.051758
0 0.758789 0.754395 0.029297 0.024414
0 0.975098 0.777832 0.049805 0.065430
0 0.160645 0.784180 0.065430 0.054688
0 0.324219 0.772949 0.035156 0.026367
0 0.087402 0.779785 0.034180 0.028320
0 0.878418 0.785156 0.030273 0.029297
0 0.517578 0.807129 0.070312 0.067383
0 0.753418 0.784668 0.026367 0.020508
0 0.742676 0.810059 0.040039 0.028320
0 0.955566 0.821777 0.045898 0.032227
0 0.656738 0.837402 0.032227 0.022461
0 0.943848 0.845703 0.043945 0.037109
0 0.151855 0.861328 0.040039 0.048828
0 0.975586 0.854980 0.015625 0.018555
0 0.102051 0.863770 0.012695 0.018555
0 0.123047 0.868164 0.021484 0.023438
0 0.930664 0.875977 0.029297 0.037109
0 0.953613 0.886719 0.032227 0.037109
0 0.269043 0.911621 0.047852 0.084961
0 0.319336 0.918457 0.060547 0.071289
0 0.378906 0.900879 0.039062 0.036133
0 0.644531 0.898926 0.033203 0.024414
0 0.047363 0.920410 0.043945 0.057617
0 0.515137 0.919434 0.024414 0.047852
0 0.695312 0.919434 0.027344 0.047852
0 0.081543 0.929688 0.040039 0.050781
0 0.436523 0.929688 0.037109 0.046875
0 0.925293 0.923340 0.040039 0.026367
1 0.097656 0.071289 0.021484 0.023438
1 0.809570 0.080566 0.046875 0.032227
1 0.234375 0.112793 0.044922 0.034180
1 0.140137 0.122559 0.036133 0.030273
1 0.308594 0.157715 0.027344 0.028320
1 0.875488 0.218750 0.028320 0.029297
1 0.426758 0.251465 0.060547 0.051758
1 0.867676 0.249023 0.030273 0.031250
1 0.195801 0.255859 0.034180 0.033203
1 0.501465 0.260742 0.040039 0.033203
1 0.678711 0.266602 0.042969 0.035156
1 0.022949 0.274414 0.032227 0.023438
1 0.763184 0.283691 0.036133 0.026367
1 0.407715 0.331055 0.036133 0.033203
1 0.840332 0.333008 0.051758 0.025391
1 0.479980 0.344727 0.041992 0.035156
1 0.264160 0.416992 0.032227 0.031250
1 0.469727 0.434570 0.033203 0.031250
1 0.716309 0.518066 0.040039 0.026367
1 0.780273 0.535156 0.046875 0.037109
1 0.916016 0.555176 0.017578 0.018555
1 0.131348 0.589844 0.030273 0.039062
1 0.516113 0.626465 0.034180 0.028320
1 0.422852 0.634766 0.037109 0.029297
1 0.030762 0.648438 0.038086 0.031250
1 0.335938 0.657715 0.046875 0.049805
1 0.507324 0.657715 0.034180 0.028320
1 0.770996 0.724609 0.026367 0.031250
1 0.867676 0.814941 0.028320 0.034180
1 0.074707 0.842285 0.040039 0.036133
1 0.112793 0.925781 0.028320 0.054688
2 0.148926 0.065430 0.045898 0.025391
2 0.517578 0.201172 0.042969 0.033203
2 0.296387 0.227051 0.034180 0.049805
2 0.093750 0.321777 0.044922 0.032227
2 0.474609 0.408203 0.031250 0.027344
2 0.642578 0.474609 0.029297 0.031250
2 0.810059 0.507324 0.028320 0.026367
2 0.975098 0.568848 0.028320 0.026367
2 0.441895 0.579102 0.032227 0.029297
2 0.964844 0.592773 0.033203 0.031250
2 0.783203 0.594727 0.042969 0.031250
2 0.339844 0.812988 0.138672 0.075195
2 0.827637 0.890625 0.112305 0.146484
2 0.650391 0.870605 0.035156 0.028320
2 0.141602 0.927246 0.037109 0.045898
2 0.637695 0.925781 0.031250 0.025391
3 0.615723 0.163086 0.040039 0.025391
3 0.225098 0.171387 0.049805 0.038086
3 0.211914 0.228027 0.039062 0.038086
3 0.597656 0.248535 0.041016 0.032227
3 0.773926 0.255859 0.032227 0.031250
