0 0.528809 0.024414 0.038086 0.035156
0 0.915039 0.031250 0.046875 0.037109
0 0.896484 0.050781 0.035156 0.037109
0 0.511719 0.053711 0.041016 0.039062
0 0.760254 0.069336 0.034180 0.037109
0 0.596680 0.076660 0.042969 0.040039
0 0.887207 0.080078 0.043945 0.039062
0 0.491699 0.082520 0.036133 0.032227
0 0.877930 0.110840 0.041016 0.036133
0 0.758301 0.109375 0.028320 0.027344
0 0.866211 0.135742 0.033203 0.035156
0 0.562988 0.139648 0.045898 0.039062
0 0.776855 0.143066 0.038086 0.036133
0 0.546387 0.167480 0.040039 0.040039
0 0.803711 0.169434 0.042969 0.036133
0 0.844238 0.173828 0.036133 0.039062
0 0.433105 0.196777 0.041992 0.040039
0 0.572754 0.215820 0.034180 0.033203
0 0.419922 0.225098 0.035156 0.034180
0 0.601074 0.228516 0.038086 0.031250
0 0.645996 0.252441 0.069336 0.051758
0 0.395996 0.267090 0.045898 0.065430
0 0.486328 0.255371 0.035156 0.036133
0 0.715332 0.289062 0.038086 0.033203
0 0.576172 0.307617 0.037109 0.039062
0 0.746094 0.306152 0.042969 0.036133
0 0.457520 0.313965 0.034180 0.034180
0 0.606445 0.320312 0.039062 0.033203
0 0.487305 0.326660 0.039062 0.038086
0 0.635742 0.335449 0.039062 0.036133
0 0.353027 0.339844 0.038086 0.042969
0 0.798828 0.335449 0.035156 0.034180
0 0.515137 0.346680 0.036133 0.039062
0 0.666504 0.351562 0.040039 0.037109
0 0.826172 0.354004 0.039062 0.040039
0 0.559570 0.370117 0.068359 0.054688
0 0.337891 0.366211 0.042969 0.039062
0 0.695312 0.370605 0.039062 0.032227
0 0.417969 0.381836 0.037109 0.037109
0 0.883301 0.380371 0.040039 0.034180
0 0.722656 0.384766 0.039062 0.037109
0 0.750977 0.404297 0.039062 0.042969
0 0.638672 0.406738 0.046875 0.038086
0 0.939941 0.413574 0.040039 0.036133
0 0.783691 0.420898 0.036133 0.041016
0 0.308594 0.425293 0.046875 0.041992
0 0.664551 0.425293 0.036133 0.036133
0 0.392090 0.435547 0.034180 0.041016
0 0.816406 0.432617 0.037109 0.035156
0 0.693848 0.442871 0.036133 0.032227
0 0.538086 0.443359 0.033203 0.029297
0 0.845215 0.454102 0.038086 0.041016
0 0.458496 0.449219 0.034180 0.025391
0 0.413574 0.455078 0.034180 0.035156
0 0.567383 0.464355 0.039062 0.036133
0 0.875488 0.467285 0.036133 0.032227
0 0.446777 0.470703 0.034180 0.035156
0 0.755371 0.476074 0.034180 0.036133
0 0.280273 0.486328 0.035156 0.035156
0 0.629395 0.492188 0.028320 0.027344
0 0.817871 0.506836 0.040039 0.044922
0 0.356934 0.504395 0.034180 0.034180
0 0.937500 0.498535 0.031250 0.024414
0 0.568359 0.528809 0.042969 0.055664
0 0.845703 0.526367 0.037109 0.041016
0 0.687012 0.526855 0.040039 0.036133
0 0.343262 0.533203 0.036133 0.035156
0 0.988770 0.533203 0.022461 0.033203
0 0.878906 0.541992 0.035156 0.039062
0 0.413086 0.538574 0.033203 0.028320
0 0.246582 0.544922 0.036133 0.035156
0 0.596680 0.550293 0.035156 0.030273
0 0.330078 0.565430 0.042969 0.039062
0 0.400391 0.564453 0.035156 0.035156
0 0.749023 0.562988 0.041016 0.032227
0 0.231934 0.572266 0.040039 0.037109
0 0.809082 0.594238 0.040039 0.036133
0 0.381348 0.595215 0.040039 0.032227
0 0.531738 0.604980 0.036133 0.032227
0 0.949707 0.622559 0.047852 0.063477
0 0.839844 0.612305 0.039062 0.031250
0 0.714355 0.614746 0.032227 0.032227
0 0.368652 0.620117 0.032227 0.031250
0 0.562012 0.618652 0.032227 0.030273
0 0.197754 0.631348 0.038086 0.036133
0 0.442383 0.634277 0.033203 0.032227
0 0.587891 0.634766 0.035156 0.029297
0 0.746582 0.636719 0.032227 0.029297
0 0.278809 0.651367 0.038086 0.035156
0 0.777832 0.652344 0.036133 0.037109
0 0.616211 0.656738 0.041016 0.040039
0 0.646484 0.666016 0.033203 0.029297
0 0.530273 0.677246 0.037109 0.040039
0 0.264160 0.678711 0.038086 0.035156
0 0.337402 0.680176 0.028320 0.034180
0 0.167480 0.687988 0.036133 0.036133
0 0.907715 0.697754 0.030273 0.034180
0 0.707520 0.698730 0.030273 0.028320
0 0.408691 0.702148 0.032227 0.027344
0 0.246582 0.709961 0.038086 0.035156
0 0.587402 0.710449 0.040039 0.036133
0 0.735840 0.717285 0.034180 0.034180
0 0.436523 0.717285 0.031250 0.032227
0 0.274902 0.711426 0.014648 0.012695
0 0.895020 0.721680 0.026367 0.025391
0 0.971680 0.733887 0.027344 0.043945
0 0.614746 0.729004 0.032227 0.030273
0 0.761230 0.728027 0.034180 0.028320
0 0.136230 0.745605 0.038086 0.036133
0 0.644043 0.743164 0.038086 0.033203
0 0.789551 0.746582 0.036133 0.034180
0 0.490723 0.746582 0.036133 0.032227
0 0.677246 0.755859 0.040039 0.037109
0 0.389160 0.767090 0.063477 0.047852
0 0.954102 0.758301 0.027344 0.030273
0 0.519043 0.760742 0.036133 0.029297
0 0.218750 0.769043 0.041016 0.041992
0 0.833984 0.771973 0.060547 0.047852
0 0.121582 0.775879 0.036133 0.038086
0 0.551758 0.779297 0.031250 0.033203
0 0.429199 0.792969 0.032227 0.031250
0 0.205566 0.797363 0.045898 0.034180
0 0.578613 0.792480 0.034180 0.024414
0 0.103516 0.803223 0.035156 0.036133
0 0.766602 0.812012 0.039062 0.040039
0 0.907227 0.809570 0.039062 0.031250
0 0.607910 0.813477 0.032227 0.035156
0 0.857422 0.810547 0.021484 0.019531
0 0.186035 0.824707 0.041992 0.038086
0 0.487305 0.822266 0.033203 0.029297
0 0.801270 0.828613 0.045898 0.041992
0 0.636230 0.826172 0.036133 0.033203
0 0.933594 0.829102 0.035156 0.033203
0 0.362793 0.838379 0.030273 0.032227
0 0.516602 0.839355 0.035156 0.032227
0 0.232910 0.843262 0.036133 0.036133
0 0.668945 0.841797 0.031250 0.033203
0 0.282715 0.839844 0.016602 0.015625
0 0.546387 0.851074 0.036133 0.034180
0 0.957520 0.850586 0.038086 0.033203
0 0.390137 0.853027 0.034180 0.030273
0 0.823242 0.854004 0.037109 0.032227
0 0.073730 0.861816 0.036133 0.038086
0 0.277344 0.865723 0.068359 0.047852
0 0.696289 0.860840 0.033203 0.038086
0 0.573242 0.866211 0.033203 0.039062
0 0.418945 0.869141 0.035156 0.033203
0 0.850098 0.872559 0.036133 0.028320
0 0.725586 0.875000 0.033203 0.031250
0 0.981445 0.875488 0.035156 0.032227
0 0.144043 0.883301 0.034180 0.036133
0 0.603027 0.885254 0.032227 0.030273
0 0.318359 0.889648 0.035156 0.035156
0 0.057129 0.892578 0.036133 0.037109
0 0.878906 0.893066 0.041016 0.034180
0 0.170898 0.897949 0.033203 0.032227
0 0.347168 0.905273 0.036133 0.037109
0 0.478027 0.901367 0.032227 0.029297
0 0.198730 0.913086 0.036133 0.035156
0 0.967285 0.907227 0.028320 0.023438
0 0.505859 0.915527 0.031250 0.030273
0 0.376465 0.920410 0.038086 0.036133
0 0.717773 0.921875 0.021484 0.019531
0 0.808105 0.929199 0.036133 0.032227
0 0.533203 0.930176 0.033203 0.030273
0 0.128418 0.944336 0.063477 0.056641
0 0.932129 0.936523 0.036133 0.037109
0 0.255859 0.945312 0.035156 0.037109
0 0.558105 0.953613 0.049805 0.045898
0 0.024414 0.951172 0.035156 0.037109
0 0.433594 0.952637 0.037109 0.034180
0 0.721680 0.956543 0.029297 0.032227
0 0.285645 0.962402 0.038086 0.040039
0 0.957031 0.958984 0.031250 0.033203
0 0.462891 0.968262 0.037109 0.036133
0 0.590820 0.967285 0.037109 0.034180
0 0.859375 0.976562 0.035156 0.044922
0 0.753418 0.977051 0.034180 0.040039
0 0.314453 0.977051 0.039062 0.036133
0 0.985840 0.980469 0.028320 0.037109
0 0.885254 0.986816 0.034180 0.026367
0 0.362305 0.987305 0.068359 0.025391
0 0.649414 0.990723 0.033203 0.018555
0 0.781250 0.992188 0.033203 0.015625
1 0.626953 0.019043 0.039062 0.024414
1 0.612793 0.048828 0.041992 0.037109
1 0.798340 0.055176 0.036133 0.038086
1 0.527344 0.195801 0.037109 0.034180
1 0.688477 0.273438 0.039062 0.039062
1 0.767090 0.321777 0.036133 0.034180
1 0.323242 0.393555 0.044922 0.042969
1 0.909180 0.394531 0.037109 0.042969
1 0.446289 0.397461 0.037109 0.035156
1 0.478516 0.415527 0.039062 0.034180
1 0.295410 0.456055 0.036133 0.037109
1 0.725586 0.458984 0.037109 0.037109
1 0.596191 0.475586 0.040039 0.037109
1 0.477539 0.486816 0.035156 0.032227
1 0.785645 0.494629 0.036133 0.040039
1 0.503418 0.505371 0.030273 0.028320
1 0.658203 0.513184 0.041016 0.036133
1 0.262207 0.515137 0.034180 0.038086
1 0.534668 0.520020 0.030273 0.028320
1 0.719727 0.547363 0.037109 0.034180
1 0.475586 0.574707 0.035156 0.028320
1 0.778320 0.583008 0.041016 0.039062
1 0.652832 0.585938 0.030273 0.029297
1 0.312500 0.594238 0.041016 0.040039
1 0.504883 0.593262 0.033203 0.036133
1 0.215332 0.602539 0.038086 0.035156
1 0.685547 0.600098 0.035156 0.032227
1 0.297363 0.625488 0.043945 0.043945
1 0.352051 0.652344 0.032227 0.037109
1 0.183594 0.661621 0.037109 0.038086
1 0.926270 0.665527 0.028320 0.032227
1 0.499023 0.666504 0.037109 0.032227
1 0.678711 0.681152 0.031250 0.030273
1 0.833496 0.685059 0.034180 0.030273
1 0.985840 0.703613 0.028320 0.036133
1 0.152344 0.718262 0.039062 0.036133
1 0.465820 0.728027 0.033203 0.026367
1 0.231445 0.738770 0.037109 0.036133
1 0.285645 0.766602 0.030273 0.029297
1 0.879883 0.800293 0.029297 0.032227
1 0.297363 0.807129 0.038086 0.036133
1 0.329590 0.825195 0.038086 0.033203
1 0.448730 0.882812 0.032227 0.029297
1 0.751953 0.893555 0.031250 0.027344
1 0.636230 0.902344 0.036133 0.035156
1 0.778809 0.911621 0.038086 0.034180
1 0.903320 0.916992 0.037109 0.031250
1 0.663086 0.918945 0.033203 0.033203
1 0.228027 0.929688 0.036133 0.033203
1 0.696289 0.935547 0.039062 0.041016
1 0.405762 0.936035 0.036133 0.040039
1 0.018066 0.979004 0.022461 0.036133
1 0.488770 0.982910 0.038086 0.034180
1 0.201172 0.983398 0.041016 0.033203
1 0.228516 0.989258 0.031250 0.021484
1 0.522949 0.991211 0.036133 0.017578
2 0.812500 0.026367 0.035156 0.037109
2 0.584473 0.110352 0.043945 0.039062
2 0.483398 0.110352 0.037109 0.035156
2 0.468262 0.140625 0.036133 0.035156
2 0.448242 0.166016 0.046875 0.039062
2 0.515625 0.270508 0.033203 0.037109
2 0.984863 0.362305 0.030273 0.031250
2 0.506348 0.433105 0.041992 0.036133
2 0.968262 0.433594 0.036133 0.035156
2 0.903809 0.482422 0.036133 0.035156
2 0.623535 0.569824 0.032227 0.028320
2 0.973633 0.580078 0.027344 0.035156
2 0.471191 0.647949 0.034180 0.034180
2 0.808105 0.666992 0.034180 0.039062
2 0.322266 0.712891 0.031250 0.031250
2 0.306152 0.739258 0.030273 0.037109
2 0.709961 0.774902 0.042969 0.040039
2 0.457520 0.808105 0.032227 0.030273
2 0.088867 0.832031 0.037109 0.035156
2 0.832520 0.957520 0.030273 0.034180
2 0.170410 0.965820 0.041992 0.041016
2 0.622070 0.978516 0.035156 0.031250
3 0.902832 0.560547 0.034180 0.039062
3 0.041504 0.921875 0.032227 0.037109
