0 0.050781 0.118652 0.011719 0.018555
0 0.019043 0.132324 0.024414 0.024414
0 0.066895 0.141113 0.018555 0.018555
0 0.101074 0.165039 0.024414 0.039062
0 0.039551 0.161133 0.016602 0.015625
0 0.177734 0.188965 0.044922 0.051758
0 0.016113 0.183594 0.018555 0.025391
0 0.079102 0.226074 0.033203 0.026367
0 0.168945 0.228516 0.029297 0.027344
0 0.256348 0.233398 0.030273 0.029297
0 0.020996 0.253906 0.022461 0.011719
0 0.214844 0.259766 0.019531 0.021484
0 0.330566 0.265137 0.034180 0.034180
0 0.244141 0.291992 0.029297 0.031250
0 0.325195 0.292969 0.035156 0.031250
0 0.365723 0.294922 0.018555 0.015625
0 0.422363 0.311523 0.043945 0.033203
0 0.009277 0.308105 0.018555 0.018555
0 0.237305 0.320312 0.035156 0.029297
0 0.318848 0.322266 0.030273 0.031250
0 0.148926 0.332520 0.034180 0.030273
0 0.385742 0.366699 0.097656 0.086914
0 0.231934 0.350098 0.030273 0.032227
0 0.316895 0.353027 0.034180 0.032227
0 0.506836 0.358398 0.025391 0.025391
0 0.041504 0.369629 0.051758 0.032227
0 0.226562 0.380371 0.033203 0.028320
0 0.503906 0.387695 0.035156 0.041016
0 0.307129 0.393066 0.034180 0.030273
0 0.037598 0.397461 0.051758 0.035156
0 0.166504 0.394043 0.024414 0.030273
0 0.223633 0.407227 0.029297 0.029297
0 0.384766 0.413086 0.037109 0.031250
0 0.491699 0.420410 0.032227 0.036133
0 0.297852 0.421875 0.029297 0.027344
0 0.629395 0.433594 0.032227 0.023438
0 0.333984 0.440918 0.017578 0.014648
0 0.288574 0.450684 0.028320 0.028320
0 0.650879 0.458984 0.032227 0.033203
0 0.581543 0.450684 0.014648 0.012695
0 0.027832 0.476562 0.038086 0.056641
0 0.363281 0.467773 0.033203 0.033203
0 0.464355 0.479004 0.040039 0.041992
0 0.633301 0.479004 0.045898 0.038086
0 0.107910 0.494629 0.045898 0.051758
0 0.730469 0.491211 0.044922 0.039062
0 0.439453 0.495117 0.025391 0.021484
0 0.532227 0.512695 0.031250 0.035156
0 0.018555 0.514648 0.023438 0.029297
0 0.709473 0.519043 0.030273 0.034180
0 0.442383 0.516602 0.031250 0.025391
0 0.195801 0.526367 0.030273 0.031250
0 0.106934 0.535156 0.043945 0.035156
0 0.271484 0.539062 0.029297 0.027344
0 0.513672 0.558594 0.044922 0.062500
0 0.760254 0.537598 0.020508 0.020508
0 0.016602 0.545898 0.027344 0.033203
0 0.334473 0.552734 0.036133 0.044922
0 0.434082 0.545410 0.028320 0.032227
0 0.786133 0.553711 0.041016 0.035156
0 0.569824 0.558105 0.024414 0.026367
0 0.875000 0.563965 0.039062 0.034180
0 0.100098 0.563965 0.041992 0.030273
0 0.268555 0.570801 0.035156 0.032227
0 0.391602 0.568848 0.017578 0.022461
0 0.687500 0.578613 0.035156 0.030273
0 0.173340 0.595215 0.047852 0.061523
0 0.417480 0.579102 0.026367 0.029297
0 0.596191 0.581543 0.038086 0.034180
0 0.142578 0.580566 0.015625 0.014648
0 0.862305 0.591797 0.044922 0.037109
0 0.107910 0.593750 0.053711 0.031250
0 0.323242 0.587891 0.025391 0.017578
0 0.262207 0.598145 0.034180 0.028320
0 0.707031 0.594727 0.021484 0.019531
0 0.476562 0.636230 0.060547 0.098633
0 0.402832 0.606934 0.036133 0.038086
0 0.669434 0.609375 0.032227 0.033203
0 0.764648 0.612305 0.039062 0.035156
0 0.585938 0.613281 0.031250 0.033203
0 0.008789 0.608887 0.017578 0.022461
0 0.847168 0.613770 0.030273 0.032227
0 0.266602 0.626465 0.050781 0.030273
0 0.751953 0.636230 0.044922 0.038086
0 0.365723 0.631836 0.022461 0.023438
0 0.872559 0.631836 0.020508 0.025391
0 0.393555 0.638184 0.029297 0.034180
0 0.698730 0.631348 0.022461 0.020508
0 0.571289 0.643066 0.029297 0.038086
0 0.661621 0.644531 0.041992 0.041016
0 0.838867 0.642578 0.041016 0.035156
0 0.172363 0.644531 0.036133 0.031250
0 0.076172 0.647949 0.033203 0.034180
0 0.245117 0.657227 0.027344 0.031250
0 0.504883 0.657715 0.023438 0.026367
0 0.740723 0.665527 0.038086 0.036133
0 0.830078 0.673340 0.042969 0.040039
0 0.642578 0.668457 0.025391 0.026367
0 0.168945 0.671875 0.027344 0.029297
0 0.916992 0.680176 0.041016 0.038086
0 0.073730 0.676270 0.043945 0.028320
0 0.993652 0.680664 0.012695 0.025391
0 0.255859 0.690918 0.041016 0.034180
0 0.724609 0.692383 0.035156 0.037109
0 0.371582 0.701172 0.041992 0.041016
0 0.815918 0.698730 0.040039 0.036133
0 0.158691 0.702148 0.030273 0.027344
0 0.671387 0.695801 0.018555 0.016602
0 0.907227 0.708496 0.033203 0.038086
0 0.543457 0.709473 0.026367 0.034180
0 0.985352 0.711914 0.029297 0.031250
0 0.713867 0.725586 0.042969 0.041016
0 0.350586 0.726562 0.037109 0.039062
0 0.442871 0.731934 0.049805 0.047852
0 0.134766 0.732422 0.066406 0.039062
0 0.892090 0.734863 0.041992 0.040039
0 0.834473 0.732910 0.020508 0.018555
0 0.978027 0.735840 0.028320 0.024414
0 0.058594 0.741211 0.044922 0.031250
0 0.225098 0.759277 0.036133 0.059570
0 0.794434 0.754883 0.032227 0.033203
0 0.699707 0.761719 0.040039 0.041016
0 0.339355 0.759766 0.030273 0.035156
0 0.425293 0.762695 0.038086 0.041016
0 0.145996 0.758789 0.028320 0.029297
0 0.518066 0.763672 0.030273 0.033203
0 0.878418 0.762695 0.036133 0.031250
0 0.963379 0.767578 0.034180 0.035156
0 0.589355 0.791992 0.036133 0.046875
0 0.318359 0.788574 0.037109 0.038086
0 0.129883 0.801270 0.052734 0.059570
0 0.869629 0.789551 0.038086 0.036133
0 0.690918 0.787598 0.028320 0.026367
0 0.955078 0.793945 0.037109 0.033203
0 0.055664 0.798340 0.058594 0.036133
0 0.643066 0.811035 0.041992 0.051758
0 0.851074 0.827637 0.055664 0.067383
0 0.768066 0.813965 0.036133 0.032227
0 0.308105 0.821777 0.034180 0.038086
0 0.396484 0.823730 0.039062 0.041992
0 0.819824 0.818359 0.030273 0.029297
0 0.946289 0.823242 0.037109 0.037109
0 0.932129 0.849121 0.040039 0.038086
0 0.387207 0.849609 0.028320 0.023438
0 0.563965 0.858398 0.040039 0.039062
0 0.473633 0.857910 0.039062 0.036133
0 0.295410 0.857422 0.030273 0.029297
0 0.742676 0.864258 0.040039 0.039062
0 0.657227 0.859863 0.031250 0.028320
0 0.828613 0.869629 0.028320 0.034180
0 0.630859 0.891113 0.064453 0.075195
0 0.985352 0.871094 0.025391 0.027344
0 0.923340 0.875977 0.032227 0.033203
0 0.123535 0.875977 0.030273 0.027344
0 0.283203 0.883789 0.031250 0.037109
0 0.371582 0.885742 0.040039 0.039062
0 0.019531 0.880859 0.025391 0.027344
0 0.458496 0.888672 0.036133 0.037109
0 0.554199 0.886230 0.038086 0.032227
0 0.107422 0.900879 0.031250 0.032227
0 0.188477 0.924805 0.044922 0.064453
0 0.355469 0.918457 0.037109 0.040039
0 0.025879 0.915527 0.043945 0.028320
0 0.447754 0.918945 0.032227 0.037109
0 0.719238 0.919434 0.041992 0.036133
0 0.533691 0.915039 0.036133 0.025391
0 0.804688 0.920898 0.039062 0.033203
0 0.917969 0.931152 0.085938 0.041992
0 0.250000 0.940430 0.041016 0.033203
0 0.582520 0.940430 0.026367 0.029297
0 0.020508 0.942383 0.027344 0.027344
0 0.516602 0.949707 0.029297 0.038086
0 0.971191 0.950684 0.036133 0.036133
0 0.432129 0.950684 0.034180 0.032227
0 0.554199 0.942871 0.020508 0.016602
0 0.702637 0.948730 0.034180 0.030273
0 0.798340 0.947754 0.032227 0.026367
0 0.072266 0.949219 0.017578 0.023438
0 0.881348 0.958008 0.036133 0.037109
0 0.103027 0.958008 0.036133 0.029297
0 0.243164 0.967285 0.035156 0.034180
0 0.020508 0.968750 0.027344 0.027344
0 0.698242 0.975098 0.048828 0.040039
0 0.916992 0.964355 0.013672 0.012695
0 0.327148 0.974609 0.031250 0.029297
0 0.784180 0.979004 0.033203 0.038086
0 0.505371 0.980957 0.038086 0.038086
0 0.952637 0.981934 0.063477 0.036133
0 0.205078 0.978027 0.019531 0.022461
0 0.039551 0.979004 0.016602 0.016602
0 0.097168 0.986328 0.032227 0.027344
0 0.592773 0.986328 0.042969 0.027344
0 0.935059 0.990723 0.036133 0.018555
0 0.018066 0.991699 0.022461 0.016602
0 0.682129 0.991699 0.036133 0.016602
0 0.318848 0.994141 0.032227 0.011719
1 0.019043 0.104980 0.038086 0.036133
1 0.090332 0.196289 0.032227 0.031250
1 0.069336 0.252441 0.048828 0.034180
1 0.168457 0.267578 0.057617 0.052734
1 0.250000 0.262207 0.031250 0.030273
1 0.037598 0.270020 0.018555 0.016602
1 0.068848 0.278320 0.032227 0.025391
1 0.150879 0.298340 0.034180 0.026367
1 0.062988 0.312988 0.030273 0.024414
1 0.178223 0.332031 0.018555 0.017578
1 0.055664 0.346680 0.035156 0.025391
1 0.148438 0.362305 0.029297 0.033203
1 0.132812 0.414551 0.050781 0.034180
1 0.208008 0.434082 0.048828 0.030273
1 0.562012 0.453613 0.041992 0.043945
1 0.193359 0.497070 0.054688 0.029297
1 0.796387 0.534180 0.040039 0.031250
1 0.613770 0.547363 0.032227 0.038086
1 0.185547 0.553223 0.029297 0.032227
1 0.950684 0.600586 0.043945 0.035156
1 0.630859 0.701660 0.037109 0.026367
1 0.064453 0.706055 0.037109 0.027344
1 0.232422 0.715332 0.025391 0.028320
1 0.405762 0.789062 0.028320 0.033203
1 0.671875 0.821777 0.039062 0.038086
1 0.573242 0.828125 0.027344 0.035156
1 0.754395 0.838867 0.047852 0.041016
1 0.820312 0.896973 0.033203 0.032227
1 0.903320 0.901367 0.033203 0.033203
1 0.988770 0.917969 0.022461 0.033203
1 0.103027 0.927734 0.032227 0.029297
1 0.606445 0.969727 0.037109 0.029297
2 0.571289 0.416992 0.031250 0.037109
2 0.376465 0.437500 0.030273 0.029297
2 0.277832 0.513672 0.030273 0.025391
2 0.558105 0.675293 0.028320 0.032227
2 0.612793 0.734863 0.030273 0.036133
2 0.776367 0.788574 0.027344 0.030273
2 0.870605 0.981934 0.036133 0.032227
